ticker,name,sector,market_cap,trailing_pe,forward_pe,price_to_book,dividend_yield,current_ratio,debt_to_equity,return_on_equity,return_on_assets,profit_margins,revenue_growth,earnings_growth,free_cashflow,enterprise_value,ebitda,ebit,total_revenue,total_debt,total_cash,book_value,total_assets,total_current_assets,total_liabilities,total_current_liabilities,net_income,operating_cashflow,gross_margin,ncav,shares_outstanding,return_on_assets_prev,gross_margin_prev,current_ratio_bs,current_ratio_bs_prev,leverage,leverage_prev,asset_turnover,asset_turnover_prev,shares_outstanding_prev,interest_expense,last_price,errors,data_sources,fcf_yield,ev_ebitda,ev_ebit,earnings_yield_ebit,earnings_yield_pe,ncav_to_market,roic_proxy,data_quality_score,metrics_present,metrics_total,sector_composite_score,models_passed,model_count,mean_model_score,weighted_model_score,weighted_pass_score,min_model_score,max_model_score,pass_rate,weight_sum,families_passed,family_count,passed_families,family_mean_score,risk_family_passed,risk_mean_score,composite_score,signal,signal_rank,investor_yield_country,investor_net_yield_isa,investor_net_yield_taxable,weeks_at_signal,signal_trend,conviction_score,stability_label,signal_since,timing_signal,timing_score,rsi_14
CMCSA,Comcast Corporation,Communication Services,74556858368.0,6.7774196,5.861658,0.83007383,6.12,0.796,100.474,0.114879996,0.073351893218306,0.08966,-0.012,-0.668,12697624576.0,159420612608.0,34072999936.0,20670000000.0,123707000000.0,90381000704.0,7661000192.0,25.311,272631000000.0,29567000000.0,,33524000000.0,19998000000.0,33643000000.0,0.7174695045551182,,3604212627.0,0.0608239328953349,0.7007540551680662,0.8819651592888677,0.6771178090497966,0.362897102677245,0.3722348062251372,0.4537525079686462,0.4647854521413465,3787746392.0,4409000000.0,21.01,[],{},0.1703079348291029,4.678795906067647,7.712656633188195,0.1296570102313277,0.1475487809549227,,0.0864466535902336,1.0,20,20,0.8833333333333334,13.0,22.0,0.7153909090909091,0.7153909090909091,0.5909090909090909,0.0,1.0,0.5909090909090909,22.0,5,5,"cheapness,quality,dividend,garp,risk",0.6989650000000001,True,0.8,0.9556,strong_buy,4,US,5.202,5.202,21,stable,0.9195,persistent,2026-07-26,accumulate,0.75,24.96652135010156
INTU,Intuit Inc.,Technology,78909448192.0,17.939247,10.905832,4.1727433,1.9,1.507,44.34,0.23596,0.1241233077801337,0.21289,0.137,-0.014,6353625088.0,78668668928.0,6848999936.0,6177000000.0,21448000000.0,8421000192.0,7200000000.0,70.764,36786000000.0,15311000000.0,,10163000000.0,4566000000.0,8838000000.0,0.8017064528161134,,268384000.0,0.1046864007792629,0.7956560989857151,1.5065433435009348,1.3603664416586307,0.2289186103408905,0.1796363439580063,0.5830478986570978,0.5095243249093566,279129000.0,256000000.0,295.28,[],{},0.080517925718357,11.486154133904783,12.73574047725433,0.0785191879330433,0.0557436998331089,,0.232017428539233,1.0,20,20,0.8647244228639577,13.0,22.0,0.6781136363636363,0.6781136363636363,0.5909090909090909,0.0,1.0,0.5909090909090909,22.0,5,5,"cheapness,quality,dividend,garp,risk",0.758405,True,1.0,0.9124,strong_buy,4,US,1.615,1.615,34,stable,0.8886,persistent,2026-07-18,neutral,0.625,47.781802347133606
ROP,"Roper Technologies, Inc.",Technology,35465359360.0,14.941459,14.709164,1.8964952,1.0,0.553,60.531,0.13066,0.0444312693408913,0.30244,0.085,2.33,2265687552.0,46784307200.0,3238000128.0,2235400000.0,7902500000.0,11319400448.0,364900000.0,189.083,34577000000.0,1928100000.0,,3725600000.0,1536300000.0,2540300000.0,0.6924391015501423,,106600000.0,0.0494435880988169,0.693019093078759,0.5175273781404337,0.4025624967381661,0.2703907221563467,0.2447510268169154,0.2285478786476559,0.2246455207804766,107300000.0,325000000.0,358.595,[],{},0.063884522612659,14.448519255895471,20.928830276460587,0.0477809790031474,0.0669278682891677,,0.072457003571961,1.0,20,20,0.8359059545106057,10.0,22.0,0.6298545454545454,0.6298545454545454,0.4545454545454545,0.0,1.0,0.4545454545454545,22.0,5,5,"cheapness,quality,dividend,garp,risk",0.75742,True,0.9,0.8917,strong_buy,4,US,0.85,0.85,26,stable,0.8638,persistent,2026-07-25,accumulate,0.75,40.14555463231414
PYPL,"PayPal Holdings, Inc.",Financial Services,46913474560.0,10.327683,9.479165,2.3850737,1.03,1.288,71.751,0.24497,0.0652713507041023,0.14364,0.048,-0.031,4423124992.0,49681719296.0,6456000000.0,6396000000.0,33172000000.0,14220999680.0,11256000512.0,22.993,80173000000.0,59759000000.0,,46443000000.0,5233000000.0,6416000000.0,0.4662064391655613,,920000000.0,0.0526770403302635,0.4609868855552411,1.286717051008763,1.2795339635084635,0.1245681214373916,0.1254874563353445,0.413755254262657,0.4038996506827564,993000000.0,441000000.0,54.84,[],{},0.0942826135451349,7.695433596034697,7.767623404627892,0.128739506012123,0.0968271392528217,,0.189623480581085,1.0,20,20,0.8469275573992107,15.0,22.0,0.7085181818181818,0.7085181818181818,0.6818181818181818,0.0,1.0,0.6818181818181818,22.0,5,5,"cheapness,quality,dividend,garp,risk",0.737565,True,1.0,0.8758,strong_buy,4,US,0.8755,0.8755,34,stable,0.8614,persistent,2026-07-18,neutral,0.625,53.409217226604056
NXPI,NXP Semiconductors N.V.,Technology,58756771840.0,19.898376,12.848699,5.1565714,1.66,2.04,93.325,0.27921,0.0760918674698795,0.22564,0.195,0.726,3555000064.0,69739880448.0,5068000256.0,3035000000.0,12269000000.0,10976000000.0,3222000128.0,45.187,26560000000.0,7940000000.0,,3881000000.0,2021000000.0,2820000000.0,0.5473958757844976,,252854704.0,0.1029321304080377,0.5643729189789123,2.045864467920639,2.357972885732731,0.4601656626506024,0.4451096985851958,0.4619352409638554,0.5172852163215091,254324627.0,466000000.0,233.01,[],{},0.0605036654103562,13.760828122578532,22.97854380494234,0.043518858657393,0.050255357522644,,0.1338242426914767,1.0,20,20,0.8337848198313317,11.0,22.0,0.603859090909091,0.603859090909091,0.5,0.0,1.0,0.5,22.0,5,5,"cheapness,quality,dividend,garp,risk",0.7389366666666667,True,0.9,0.871,strong_buy,4,US,1.411,1.411,20,stable,0.8524,persistent,2026-08-02,neutral,0.5,50.341198850846176
GEHC,GE HealthCare Technologies Inc.,Healthcare,29192480768.0,14.8574705,11.946593,2.6598895,0.25,1.264,93.965,0.19376,0.0564677830163117,0.093339995,0.058,0.168,1573124992.0,37960720384.0,3592999936.0,2762000000.0,20625000000.0,10540999680.0,2079000064.0,24.298,36906000000.0,12501000000.0,,9105000000.0,2084000000.0,1987000000.0,0.3998545454545454,,455736583.0,0.0602314968720722,0.4170902806018707,1.3729818780889622,1.036428347116089,0.2835040372839105,0.2833570068602859,0.5588522191513575,0.594517815588262,456955918.0,440000000.0,64.63,[],{},0.0538880201549851,10.5651881603596,13.74392483128168,0.0727594200547403,0.0673062080116531,,0.0993489442825797,1.0,20,20,0.8222222222222223,11.0,22.0,0.5644181818181818,0.5644181818181818,0.5,0.0,1.0,0.5,22.0,5,5,"cheapness,quality,dividend,garp,risk",0.61595,True,0.9,0.8667,strong_buy,4,US,0.2125,0.2125,21,stable,0.8445,persistent,2026-07-26,neutral,0.625,41.50397096600589
PAYX,"Paychex, Inc.",Technology,36441722880.0,20.311508,16.023956,9.745811,4.71,1.277,124.704,0.47055,0.1088194380042659,0.27353,0.059,0.139,1887112448.0,39647846400.0,3078000128.0,2510500000.0,6512000000.0,4620899840.0,934200000.0,10.504,16174500000.0,8613300000.0,,6840600000.0,1760100000.0,2556700000.0,0.7428593366093366,,355600000.0,0.1000537306584722,0.7235314177001633,1.2591439347425664,1.281787731983957,0.2849114346656775,0.3032039169046311,0.4026090451018578,0.3363720334941228,360500000.0,269500000.0,102.37,[],{},0.051784391594605,12.88104117973578,15.792808763194582,0.0633199587859581,0.0492331736274825,,0.2689658127899377,1.0,20,20,0.812313655336911,11.0,22.0,0.5983772727272728,0.5983772727272728,0.5,0.0,1.0,0.5,22.0,5,5,"cheapness,quality,dividend,garp,risk",0.7130433333333334,True,0.9,0.8391,strong_buy,4,US,4.0035,4.0035,18,stable,0.8257,persistent,2026-09-17,neutral,0.625,33.321097962771674
QCOM,QUALCOMM Incorporated,Technology,189584211968.0,20.548609,17.399042,6.7848816,2.03,2.016,55.21,0.33754003,0.1105039586781804,0.21013,-0.04,-0.23,10241000448.0,197089853440.0,11998999552.0,12394000000.0,44284000000.0,15269999616.0,8304000000.0,26.167,50143000000.0,25754000000.0,,9144000000.0,5541000000.0,14012000000.0,0.5542859723602204,,1074000000.0,0.1838851216593538,0.5621374672758072,2.8164916885389326,2.402037319116527,0.2953752268512055,0.2653298038220256,0.8831541790479229,0.7064220183486238,1113000000.0,664000000.0,177.54,[],{},0.0540182135510766,16.425523860207907,15.902037553654994,0.0628850231692576,0.0486650945570087,,0.3023000560989292,1.0,20,20,0.8019166879631996,12.0,22.0,0.6129727272727273,0.6129727272727273,0.5454545454545454,0.0,1.0,0.5454545454545454,22.0,5,5,"cheapness,quality,dividend,garp,risk",0.711355,True,1.0,0.8368,strong_buy,4,US,1.7255,1.7255,34,stable,0.8194,persistent,2026-07-18,neutral,0.5,45.93067223677005
BKNG,Booking Holdings Inc.,Consumer Cyclical,118620430336.0,17.502216,12.767984,-11.097286,1.07,1.094,,,0.1846637506834335,0.25527,0.081,1.3,7725875200.0,122150109184.0,10412999680.0,9282000000.0,26917000000.0,20924000256.0,17213999104.0,-14.226,29264000000.0,22264000000.0,,16698000000.0,5404000000.0,9409000000.0,,,797352800.0,0.2122852605745633,,1.3333333333333333,1.3095801112034255,0.6592741935483871,0.616464558972138,0.9197990705303444,0.856756171502815,823671625.0,1617000000.0,157.87,[],{},0.0651310670355516,11.73053999210341,13.15989109933204,0.0759884707595154,0.0571356221406477,,0.7386598758554831,0.9,18,20,0.8333333333333335,8.0,22.0,0.6618772727272727,0.6618772727272727,0.3636363636363636,0.0,1.0,0.3636363636363636,22.0,4,5,"cheapness,dividend,garp,risk",0.742545,True,0.8,0.8364,strong_buy,4,US,0.9095,0.9095,18,stable,0.6011,persistent,2026-09-17,accumulate,1.0,27.863286842803234
BKR,Baker Hughes Company,Energy,54671523840.0,17.709003,18.637144,2.7452397,1.61,2.095,80.925,0.16463,0.0633056921308187,0.111669995,-0.024,-0.042,4415000064.0,56116469760.0,4839000064.0,3557000000.0,27733000000.0,16252999680.0,17024000000.0,20.062,40881000000.0,18828000000.0,,13877000000.0,2588000000.0,3810000000.0,0.2359643745718097,,986773882.0,0.0776529468498292,0.2329584246649179,1.356777401455646,1.324840274035871,0.1488955749614735,0.1570002346010479,0.678383601183924,0.7254125068425306,989525809.0,222000000.0,55.075,[],{},0.0807550211499647,11.59670779454654,15.77634797863368,0.0633860257997811,0.0564684527977097,,0.1317212264849652,1.0,20,20,0.790065614707745,12.0,22.0,0.5820227272727272,0.5820227272727272,0.5454545454545454,0.0,1.0,0.5454545454545454,22.0,5,5,"cheapness,quality,dividend,garp,risk",0.650485,True,0.9,0.8333,strong_buy,4,US,1.3685,1.3685,26,stable,0.8117,persistent,2026-07-25,accumulate,0.75,37.70563947426018
PEP,"PepsiCo, Inc.",Consumer Defensive,169916743680.0,16.302752,13.960404,7.689312,4.71,0.934,238.949,0.51508,0.0767232469576066,0.10785,0.064,1.37,7831875072.0,214250520576.0,18882000896.0,13491000000.0,93925000000.0,53213999104.0,10716000256.0,16.177,107399000000.0,27949000000.0,,32764000000.0,8240000000.0,12087000000.0,0.541485227575193,,1367340122.0,0.0962932429851106,0.5455396607659982,0.8530399218654621,0.8189370877727042,0.4646318867028557,0.4518885660570843,0.8745425935064572,0.9234620527411102,1371989025.0,1121000000.0,124.39,[],{},0.0460924268108008,11.346812329692623,15.880996262397154,0.0629683417511903,0.0613393370640735,,0.1807596971930059,1.0,20,20,0.8214285714285714,10.0,22.0,0.6011136363636362,0.6011136363636362,0.4545454545454545,0.0,1.0,0.4545454545454545,22.0,5,5,"cheapness,quality,dividend,garp,risk",0.750945,True,0.8,0.8286,strong_buy,4,US,4.0035,4.0035,26,stable,0.825,persistent,2026-07-25,neutral,0.625,22.197116470444016
FANG,"Diamondback Energy, Inc.",Energy,51175014400.0,34.81048,9.750636,1.3529091,2.38,0.467,28.678,0.034930002,0.0234171603878467,0.09029,0.525,1.795,5035500032.0,70035906560.0,11779999744.0,4918000000.0,14929000000.0,12613999616.0,462000000.0,135.083,71059000000.0,1915000000.0,,4600000000.0,1664000000.0,8758000000.0,0.3497220175497354,,284594908.0,0.0496047078404565,0.4530527079742357,0.4163043478260869,0.438578258158387,0.2093893806555116,0.1980770373892884,0.2100930212921656,0.1638084764905189,290984373.0,265000000.0,182.755,[],{},0.0983976280424847,5.945323266723494,14.240729272061811,0.0702211228719761,0.0287269810700685,,0.0740005115936141,1.0,20,20,0.7313782215097796,8.0,22.0,0.6243409090909092,0.6243409090909092,0.3636363636363636,0.0,1.0,0.3636363636363636,22.0,4,5,"cheapness,dividend,garp,risk",0.712395,True,0.9,0.8112,strong_buy,4,US,2.023,2.023,19,stable,0.617,persistent,2026-08-16,neutral,0.625,38.63263299677416
REGN,"Regeneron Pharmaceuticals, Inc.",Healthcare,77367582720.0,18.582344,12.224366,2.3772345,0.51,3.335,8.535,0.14043,0.1110711142122405,0.27865,0.167,-0.045,3065299968.0,68476874752.0,4702400000.0,3702000000.0,14342900000.0,2706599936.0,7994599936.0,316.111,40558700000.0,18021900000.0,,4368400000.0,4504900000.0,4978900000.0,0.8535372902272205,,105717146.0,0.1168609670704513,0.8612519363469934,4.125515062723194,4.731105646122252,0.066715649170215,0.0716219007717283,0.3536331292669636,0.3761182645910687,109617146.0,43800000.0,751.47,[],{},0.0396199527015544,14.5621118475672,18.49726492490545,0.0540620466895924,0.0538145241526042,,0.1022926032666211,1.0,20,20,0.7409722222222221,10.0,22.0,0.5938863636363636,0.5938863636363636,0.4545454545454545,0.0,1.0,0.4545454545454545,22.0,5,5,"cheapness,quality,dividend,garp,risk",0.6552033333333334,True,1.0,0.8021,strong_buy,4,US,0.4335,0.4335,4,stable,0.7715,persistent,2026-10-05,neutral,0.625,39.715217270186535
TRI,Thomson Reuters Corporation,Industrials,42792239104.0,25.923883,19.428684,3.8461835,2.67,0.51,28.809,0.1417,0.0837235228539576,0.21221,0.095,0.472,2108499968.0,45006999552.0,2292999936.0,1989000000.0,7476000000.0,3204999936.0,693000000.0,25.68,17940000000.0,2228000000.0,,3468000000.0,1502000000.0,2651000000.0,0.7580256821829856,,438092269.0,0.119867657427998,0.7532378065582805,0.6424452133794695,1.0157159487776484,0.1322185061315496,0.1668384227368878,0.4167224080267558,0.3936649129467918,443062323.0,183000000.0,98.77,[],{},0.0492729525761812,19.627998608020896,22.62795352036199,0.0441931259537076,0.0385744681844151,,0.1374378109452736,1.0,20,20,0.7307692307692308,11.0,22.0,0.5882909090909091,0.5882909090909091,0.5,0.0,1.0,0.5,22.0,5,5,"cheapness,quality,dividend,garp,risk",0.70455,True,0.9,0.7675,strong_buy,4,US,2.2695,2.2695,26,stable,0.7491,persistent,2026-07-25,neutral,0.625,50.228916704039214
TMUS,"T-Mobile US, Inc.",Communication Services,181083062272.0,17.640022,11.693122,3.2248607,2.82,0.924,214.035,0.17994,0.0501375224072579,0.11455,0.079,0.053,11335999488.0,295590395904.0,34370998272.0,18557000000.0,88309000000.0,120427003904.0,2824999936.0,52.348,219237000000.0,24461000000.0,,24500000000.0,10992000000.0,27950000000.0,0.6288713494660794,,1106930661.0,0.0545052515201768,0.6357125307125308,0.998408163265306,0.912263309209874,0.5577023951249105,0.5477155286370082,0.4028015344125307,0.3912803134088014,1144579681.0,3774000000.0,168.815,[],{},0.0626011033045846,8.599994494335064,15.9287813711268,0.0627794416095536,0.0566892717027223,,0.0952926254384118,1.0,20,20,0.70625,10.0,22.0,0.5389318181818182,0.5389318181818182,0.4545454545454545,0.0,1.0,0.4545454545454545,22.0,5,5,"cheapness,quality,dividend,garp,risk",0.6255483333333334,True,0.7,0.7562,strong_buy,4,US,2.397,2.397,4,stable,0.7312,persistent,2026-10-05,neutral,0.625,45.64054069410761
ADBE,Adobe Inc.,Technology,90249641984.0,12.947236,8.379382,7.707149,0.0,0.77,57.693,0.61902,0.2417276918904258,0.28048,0.129,0.105,9345125376.0,93821304832.0,9916999680.0,8706000000.0,23769000000.0,6786999808.0,5641999872.0,30.087,29496000000.0,10163000000.0,,10200000000.0,7130000000.0,10031000000.0,0.8926753334174765,,413000000.0,0.1839232550446576,0.89035108114392,0.9963725490196078,1.067579127459367,0.2253864930838079,0.2003307972213033,0.8058380797396257,0.711379424412835,441000000.0,263000000.0,231.885,[],{},0.1035475063453078,9.46065421593318,10.776625870893636,0.0927934227262059,0.0772365623056535,,0.451181592039801,1.0,20,20,0.7698228128460687,9.0,22.0,0.5336954545454545,0.5336954545454545,0.4090909090909091,0.0,1.0,0.4090909090909091,22.0,3,5,"cheapness,quality,risk",0.51884,True,0.9,0.7442,strong_buy,4,US,0.0,0.0,26,stable,0.4542,persistent,2026-07-25,neutral,0.625,38.003474445299446
ADP,"Automatic Data Processing, Inc.",Technology,105012609024.0,24.224407,19.775438,17.480047,2.59,1.051,91.436,0.72239,0.0698412648176309,0.20109,0.068,0.098,5243049984.0,105510453248.0,6411200000.0,5779000000.0,21947400000.0,5514699776.0,4230099968.0,15.161,63193300000.0,52561100000.0,,50024900000.0,4413500000.0,5441200000.0,0.4641643201472611,,397800000.0,0.0764428238706522,0.4602716807143656,1.0506987520214932,1.0478193142643957,0.0834075764361095,0.1698616995163886,0.3473058061535004,0.385257067265263,405300000.0,459300000.0,265.015,[],{},0.0499278137428404,16.45720820564013,18.25756242394878,0.0547718242325865,0.0412806802659813,,0.4388536192703745,1.0,20,20,0.7348879802368175,8.0,22.0,0.561,0.561,0.3636363636363636,0.0,1.0,0.3636363636363636,22.0,5,5,"cheapness,quality,dividend,garp,risk",0.6599516666666667,True,0.8,0.7442,strong_buy,4,US,2.2015,2.2015,26,stable,0.7395,persistent,2026-07-25,neutral,0.5,47.209201299958245
MU,"Micron Technology, Inc.",Technology,1213939449856.0,14.460648,5.2093606,12.047975,0.06,3.314,3.743,0.8826,0.1031305103988019,0.63796,3.793,10.601,29214251008.0,1143227809792.0,108842999808.0,9809000000.0,37378000000.0,5178999808.0,43434000384.0,89.215,82798000000.0,28841000000.0,,11454000000.0,8539000000.0,17525000000.0,0.397907860238643,,1122000000.0,0.0112077907110752,0.2235275377324678,2.517984983411909,2.63538062283737,0.1845213652503683,0.2017834505013253,0.451436025024759,0.3617465713956436,1108841326.0,477000000.0,1074.86,[],{},0.0240656574851945,10.503457381812922,116.54886428708328,0.0085800921880868,0.0691531942413645,,0.1374887867234806,1.0,20,20,0.752393730300707,10.0,22.0,0.6398909090909092,0.6398909090909092,0.4545454545454545,0.0,1.0,0.4545454545454545,22.0,5,5,"cheapness,quality,dividend,garp,risk",0.8024533333333335,True,1.0,0.7384,strong_buy,4,US,0.051,0.051,4,stable,0.7454,persistent,2026-10-05,neutral,0.375,59.731286339306685
CSCO,"Cisco Systems, Inc.",Technology,463411675136.0,35.2973,20.913363,9.223887,1.42,0.931,62.017,0.27319,0.1023396098336123,0.20951,0.176,0.521,11182624768.0,480255705088.0,18641999872.0,16061000000.0,63325000000.0,31185000448.0,15918000128.0,12.743,129637000000.0,38665000000.0,,41525000000.0,13267000000.0,14177000000.0,0.645242795104619,,3946000000.0,0.0832440653850242,0.6493804497475907,0.9311258278145697,0.9977754962354553,0.2278130472010305,0.2297225470394387,0.4884793693158589,0.4632720314659296,3959998180.0,1470000000.0,117.54,[],{},0.0241310812135196,25.76202705640701,29.901980268227383,0.0334426011598489,0.0283307788414411,,0.1822793717087343,1.0,20,20,0.6874307862679956,9.0,22.0,0.5053636363636363,0.5053636363636363,0.4090909090909091,0.0,1.0,0.4090909090909091,22.0,5,5,"cheapness,quality,dividend,garp,risk",0.6360016666666667,True,0.9,0.7165,strong_buy,4,US,1.207,1.207,4,stable,0.702,persistent,2026-10-05,neutral,0.5,66.78056946194437
PCAR,PACCAR Inc,Industrials,56184193024.0,22.471579,14.870355,2.7647836,1.28,5.519,72.91,0.12755999,0.0535860087242479,0.09003,0.005,0.042,1943650048.0,63691116544.0,3271600128.0,2961700000.0,28444800000.0,14816300032.0,8667400192.0,38.607,44336200000.0,34342600000.0,,11155100000.0,2375800000.0,4415800000.0,0.1665506524918438,,525400000.0,0.0958568733892383,0.1993120206274989,3.0786456419037034,2.6372762177915527,0.3526756916470063,0.3660848155987369,0.6415705450624997,0.7753259525229796,524400000.0,,106.74,[],{},0.034594250506895,19.467879341029292,21.50491830502752,0.0465009904160489,0.0445006556949113,,0.0892586442281901,1.0,20,20,0.6821678321678322,9.0,22.0,0.5403363636363636,0.5403363636363636,0.4090909090909091,0.0,1.0,0.4090909090909091,22.0,5,5,"cheapness,quality,dividend,garp,risk",0.6428466666666667,True,1.0,0.7164,buy,3,US,1.088,1.088,34,stable,0.6993,persistent,2026-07-18,accumulate,0.75,17.697510427386632
KDP,Keurig Dr Pepper Inc.,Consumer Defensive,41906634752.0,31.10606,12.169677,1.6740962,2.96,0.479,99.649,0.051,0.0374871526713428,0.07103,0.756,-0.9,4607249920.0,82978512896.0,4807000064.0,3653000000.0,16603000000.0,33528000512.0,1526000000.0,18.395,55459000000.0,5266000000.0,,8290000000.0,2079000000.0,1991000000.0,0.5420104800337289,,1358663795.0,0.0269698671158525,0.5555989837795583,0.6352231604342582,0.4942500309138123,0.2910438341838114,0.2911098633726371,0.2993743125552209,0.2873104997192588,1356664609.0,754000000.0,30.795,[],{},0.1099408231480605,17.26201618290638,22.71516914754996,0.0440234450161626,0.0321480766127243,,0.0774449320528313,1.0,20,20,0.6571428571428571,6.0,22.0,0.4486772727272727,0.4486772727272727,0.2727272727272727,0.0,1.0,0.2727272727272727,22.0,5,5,"cheapness,quality,dividend,garp,risk",0.5123,True,0.7,0.7143,buy,3,US,2.516,2.516,19,stable,0.6857,persistent,2026-08-16,neutral,0.375,45.529105570141326
GILD,"Gilead Sciences, Inc.",Healthcare,183339778048.0,,14.951801,15.51196,2.27,1.265,223.465,-0.2068,0.1441810819511038,-0.10637999,0.102,,9768875008.0,200118730752.0,14600999936.0,11701000000.0,29442000000.0,26246000640.0,4881999872.0,9.532,59023000000.0,18342000000.0,,11813000000.0,8510000000.0,10019000000.0,0.7882616670063175,,1240679623.0,0.008136282735825,0.7826041594212979,1.5526961821721832,1.5972175941352882,0.4224793724480287,0.4527671836596322,0.4988224929264863,0.4873972370539876,1246265857.0,1024000000.0,147.86,[],{},0.0532828997177165,13.705823685307356,17.10270325202974,0.0584702888931502,,,0.2478500317729294,0.95,19,20,0.6,5.0,22.0,0.4255681818181818,0.4255681818181818,0.2272727272727272,0.0,1.0,0.2272727272727272,22.0,3,5,"cheapness,quality,risk",0.4476133333333333,True,0.9,0.7111,buy,3,US,1.9295,1.9295,19,stable,0.3737,persistent,2026-08-16,neutral,0.625,50.17090105446624
PDD,PDD Holdings Inc.,Consumer Cyclical,111373664256.0,8.801462,6.352972,1.6495425,0.0,2.618,1.082,0.22745001,0.1552946908765674,0.20426,0.081,-0.112,74635272192.0,-341280784384.0,99100975104.0,93102131000.0,431845713000.0,4844000256.0,456414003200.0,47.43437,630044327000.0,518979892000.0,,213737168000.0,97842539000.0,106938690000.0,0.5628027619206677,,5693585848.0,0.222627469932162,0.6092273532763555,2.428121869753604,2.20593322615702,0.0085371691633372,0.0210028104308064,0.6854211592639259,0.7798204686748454,5568585848.0,0.0,78.245,[],{},0.67013393777227,-3.4437681771127693,-3.66566028852766,-0.2728021478503283,0.1136174876401216,,0.2236380734447086,1.0,20,20,0.6876623376623376,11.0,22.0,0.6201045454545455,0.6201045454545455,0.5,0.0,1.0,0.5,22.0,3,5,"cheapness,quality,risk",0.557,True,1.0,0.7091,buy,3,US,0.0,0.0,4,stable,0.419,persistent,2026-10-05,neutral,0.625,45.98665744911892
CPRT,"Copart, Inc.",Industrials,24575547392.0,17.11613,15.154632,2.7013543,0.0,7.912,0.97,0.1616,0.1538464054055821,0.31809,0.024,-0.15,885121728.0,20459333632.0,1866263040.0,1696714000.0,4646958000.0,88367000.0,4489802240.0,9.821,10090902000.0,5754628000.0,,683281000.0,1552449000.0,1799750000.0,0.4518317144247914,,967478690.0,0.1617297304480761,0.4501608870608944,8.422051835189329,7.028978613258412,0.0102804486655405,0.0140883157145833,0.4605096749527446,0.502722074324815,962967011.0,,26.53,[],{},0.0360163586137711,10.962727757819176,12.058209946991656,0.0829310490027987,0.0584244218757394,,0.1803552672880848,1.0,20,20,0.6951048951048951,9.0,22.0,0.4995590909090909,0.4995590909090909,0.4090909090909091,0.0,1.0,0.4090909090909091,22.0,3,5,"cheapness,quality,risk",0.4840983333333334,True,0.83335,0.6958,buy,3,US,0.0,0.0,4,stable,0.4173,persistent,2026-10-05,neutral,0.625,30.34843657919923
CCEP,Coca-Cola Europacific Partners PLC,Consumer Defensive,44620206080.0,19.592665,18.412437,4.844091,2.37,0.889,139.064,0.23544,0.0650107123727905,0.09349,0.044,0.09,1583000064.0,55757623296.0,3531000064.0,2792000000.0,20901000000.0,12188999680.0,1994000000.0,20.9513,29872000000.0,6079000000.0,,7585000000.0,1942000000.0,2953000000.0,0.3559638294818429,,448645963.0,0.0455948553054662,0.3528231725217731,0.8014502307185234,0.8145784758866118,0.3579941081949652,0.3643408360128617,0.699685324049277,0.6571704180064308,460854493.0,274000000.0,101.49,[],{},0.0354772019914436,15.790887081671828,19.97049544985673,0.0500738703509318,0.0510395089182609,,0.1252748238883654,1.0,20,20,0.6642857142857144,10.0,22.0,0.542590909090909,0.542590909090909,0.4545454545454545,0.0,1.0,0.4545454545454545,22.0,5,5,"cheapness,quality,dividend,garp,risk",0.6519466666666667,True,0.8,0.6857,buy,3,US,2.0145,2.0145,26,stable,0.675,persistent,2026-07-25,neutral,0.625,42.54931888103626
MDLZ,"Mondelez International, Inc.",Consumer Defensive,76074344448.0,21.913603,17.724813,2.8652117,3.49,0.599,82.643,0.13340001,0.0342859540895547,0.08862001,0.041,1.449,2252375040.0,96489488384.0,6080000000.0,3620000000.0,38537000000.0,22058999808.0,1716000000.0,20.803,71487000000.0,12951000000.0,,21864000000.0,2451000000.0,4514000000.0,0.2837532760723461,,1281576414.0,0.0673168167948961,0.3912351472242803,0.5923435784851812,0.6773748017801422,0.3050065046791724,0.2682161262537045,0.539077034985382,0.5320087011109975,1317829138.0,599000000.0,59.605,[],{},0.0296075510915456,15.869981642105262,26.654554802209944,0.0375170400488958,0.0456337554349232,,0.0729500433266831,1.0,20,20,0.6285714285714286,8.0,22.0,0.5330272727272728,0.5330272727272728,0.3636363636363636,0.0,1.0,0.3636363636363636,22.0,4,5,"cheapness,dividend,garp,risk",0.6901633333333334,True,0.8,0.6857,buy,3,US,2.9665,2.9665,20,stable,0.5257,persistent,2026-08-02,neutral,0.625,44.805513643234136
ADI,"Analog Devices, Inc.",Technology,196937105408.0,48.26841,24.860352,5.8698134,1.05,1.25,27.314,0.12227,0.0472434647994053,0.29787,0.396,1.635,4147339008.0,210623135744.0,6922700800.0,3002476000.0,11019707000.0,9164060672.0,2324933888.0,69.239,47992712000.0,7108061000.0,,3245801000.0,2267342000.0,4812202000.0,0.614669518890112,,489654097.0,0.0339069338927451,0.5708341337690674,2.1899250755052453,1.8353882500970455,0.1805401203416052,0.158616842148435,0.2296120919359589,0.1954694960385999,496296854.0,317716000.0,406.42,[],{},0.0210592056758823,30.424994785850053,70.14981493407441,0.0142552051055271,0.0207174837538671,,0.0670990674641206,1.0,20,20,0.6276514183490929,7.0,22.0,0.5103818181818182,0.5103818181818182,0.3181818181818182,0.0,1.0,0.3181818181818182,22.0,5,5,"cheapness,quality,dividend,garp,risk",0.6760783333333333,True,1.0,0.6718,buy,3,US,0.8925,0.8925,34,stable,0.6497,persistent,2026-07-18,neutral,0.5,63.80009817305197
WDC,Western Digital Corporation,Technology,151801184256.0,15.06445,12.741594,,0.15,1.329,13.436,1.30853,0.6708029723685159,0.72947,0.438,9.841,2268750080.0,147808747520.0,5001999872.0,4599000000.0,12919000000.0,1191000064.0,1579000064.0,,13861000000.0,5634000000.0,,4240000000.0,9298000000.0,3929000000.0,0.4885053022679774,,361000000.0,0.1329095843450935,0.3878151260504202,1.3287735849056603,1.080841638981174,0.075896399971142,0.3364519354377946,0.9320395353870572,0.679902871018426,347000000.0,165000000.0,405.535,[],{},0.0149455361044742,29.54993028836287,32.139323226788434,0.0311145319689398,0.0663814477129931,,0.4780168381665107,0.9,18,20,0.7070661896243291,10.0,22.0,0.5993500000000002,0.5993500000000002,0.4545454545454545,0.0,1.0,0.4545454545454545,22.0,5,5,"cheapness,quality,dividend,garp,risk",0.7064883333333334,True,0.5,0.6591,buy,3,US,0.1275,0.1275,9,stable,0.6148,persistent,2026-09-28,neutral,0.5,39.44040739219306
AMGN,Amgen Inc.,Healthcare,223589187584.0,25.687578,16.898888,19.129047,2.5,1.371,490.281,0.91473,0.0851235290221447,0.22951001,0.095,0.649,8645624832.0,260973445120.0,17268000768.0,9080000000.0,36751000000.0,57303998464.0,13989000192.0,21.62,90586000000.0,29057000000.0,,25489000000.0,7711000000.0,9958000000.0,0.6724714973742211,,538800000.0,0.0445344570389485,0.6153063666826233,1.1399819529993331,1.256764362093597,0.6027863025191531,0.6543951915852743,0.4057028679928465,0.3639412450048454,537000000.0,2755000000.0,413.57,[],{},0.0386674549222195,15.113124479564537,28.741568845814975,0.0347928119499854,0.0389293221805496,,0.139484154415718,1.0,20,20,0.6430555555555555,8.0,22.0,0.5214590909090909,0.5214590909090909,0.3636363636363636,0.0,1.0,0.3636363636363636,22.0,5,5,"cheapness,quality,dividend,garp,risk",0.66994,True,0.8,0.6431,buy,3,US,2.125,2.125,26,stable,0.6431,persistent,2026-07-25,accumulate,0.75,54.1860989354843
TXN,Texas Instruments Incorporated,Technology,261197971456.0,43.532726,26.868393,14.501345,2.05,4.857,78.036,0.35176,0.1446002602284227,0.31111,0.228,0.518,3545250048.0,278495625216.0,9520000000.0,6140000000.0,17682000000.0,14051999744.0,7000999936.0,19.723,34585000000.0,13750000000.0,,3159000000.0,5001000000.0,7153000000.0,0.5702409229725144,,907000000.0,0.1351488355064913,0.5814206252797136,4.352643241532131,4.124622563821027,0.406187653607055,0.3828888450815286,0.5112621078502241,0.4404798783407023,911216614.0,543000000.0,286.01,[],{},0.0135730382140322,29.253742144537814,45.35759368338762,0.0220470249586069,0.0229712239936456,,0.1953796219690702,1.0,20,20,0.6068489649884998,8.0,22.0,0.4947863636363637,0.4947863636363637,0.3636363636363636,0.0,1.0,0.3636363636363636,22.0,4,5,"quality,dividend,garp,risk",0.6412483333333333,True,1.0,0.6266,buy,3,US,1.7425,1.7425,26,stable,0.4934,persistent,2026-07-25,neutral,0.375,61.723433190807405
MSFT,Microsoft Corporation,Technology,3924697808896.0,29.445124,22.322626,8.873331,0.74,1.23,29.118,0.34039003,0.1763623848855976,0.40305,0.177,0.317,16545500160.0,3982311292928.0,194237005824.0,155237000000.0,331839000000.0,128812998656.0,76842999808.0,59.565,758376000000.0,207710000000.0,,168825000000.0,133749000000.0,182935000000.0,0.6794409337058032,,7427000000.0,0.1645097035070912,0.6882374238616519,1.2303272619576484,1.3534464445042416,0.0749311687078705,0.0978799779645656,0.4375652710528814,0.4551254194244616,7434158655.0,3051000000.0,528.54,[],{},0.0042157386289708,20.5023305215918,25.653106494766067,0.0389816336748154,0.0339614803456083,,0.263313945697658,1.0,20,20,0.598632762586251,6.0,22.0,0.5178136363636364,0.5178136363636364,0.2727272727272727,0.0,1.0,0.2727272727272727,22.0,5,5,"cheapness,quality,dividend,garp,risk",0.60258,True,0.83335,0.6207,buy,3,US,0.629,0.629,20,stable,0.6097,persistent,2026-08-02,neutral,0.5,68.21254738033899
SBUX,Starbucks Corporation,Consumer Cyclical,107513397248.0,54.51445,30.220493,-14.007129,2.58,0.76,,,0.057976808027558,0.05172,-0.014,0.857,3065537536.0,128415399936.0,5642299904.0,3580800000.0,37184400000.0,22453100544.0,3610299904.0,-6.733,32019700000.0,7382300000.0,,10210400000.0,1856400000.0,4747500000.0,0.227711083142393,,1136900000.0,0.1200058712223948,0.268383633438559,0.7230177074355559,0.7549503858875414,0.8310977304596857,0.82334640531218,1.1612975761796644,1.154339758705523,1133500000.0,542600000.0,94.31,[],{},0.0285130747838686,22.75940700085126,35.862209544235924,0.0278845060778116,0.0183437602323787,,0.1641868377251906,0.9,18,20,0.5909090909090908,5.0,22.0,0.4481090909090909,0.4481090909090909,0.2272727272727272,0.0,1.0,0.2272727272727272,22.0,3,5,"dividend,garp,risk",0.5354933333333334,True,0.7,0.6045,buy,3,US,2.193,2.193,17,stable,0.3228,persistent,2026-09-18,neutral,0.625,35.39345850447951
WDAY,"Workday, Inc.",Technology,45194731520.0,38.193485,14.1714115,6.996083,0.0,0.908,58.39,0.16006,0.0383423702556158,0.12319,0.128,2.06,3046374912.0,45327548416.0,1586000000.0,1024000000.0,9552000000.0,3772000000.0,3403000064.0,26.805,18074000000.0,8429000000.0,,6378000000.0,693000000.0,2939000000.0,0.7570142378559463,,259131000.0,0.029259609501029,0.7550319677954062,1.321574161179053,1.9006849315068493,0.2114086533141529,0.1870167436168437,0.5284939692375789,0.4698225510374367,266352000.0,114000000.0,187.53,[],{},0.0674055317853119,28.579790930643128,44.265184,0.0225911181121488,0.0261824758856124,,0.0875512995896032,1.0,20,20,0.6011201976318256,7.0,22.0,0.4354681818181818,0.4354681818181818,0.3181818181818182,0.0,1.0,0.3181818181818182,22.0,4,5,"cheapness,quality,garp,risk",0.5758066666666666,True,1.0,0.6011,buy,3,US,0.0,0.0,4,stable,0.4809,persistent,2026-10-05,wait,0.25,45.25217070836237
ADSK,"Autodesk, Inc.",Technology,48425299968.0,30.05188,16.317602,14.313955,0.0,0.855,109.518,0.53854,0.0901580171653164,0.21078,0.161,0.596,3157499904.0,47887519744.0,2286000128.0,1794000000.0,7206000000.0,3704999936.0,4155000064.0,16.187,12467000000.0,4942000000.0,,5808000000.0,1124000000.0,2452000000.0,0.9097973910630032,,212000000.0,0.1026493122865318,0.9057250040776382,0.8508953168044077,0.6759852455833819,0.2192989492259565,0.2362226530047078,0.5780059356701692,0.5659558755654021,214000000.0,,231.7,[],{},0.0652035177084398,20.948170193628265,26.693154818283165,0.0374627879996807,0.0332757884032546,,0.2694098212944886,1.0,20,20,0.6145923843598263,7.0,22.0,0.4127545454545454,0.4127545454545454,0.3181818181818182,0.0,1.0,0.3181818181818182,22.0,4,5,"cheapness,quality,garp,risk",0.4863816666666666,True,0.8,0.582,buy,3,US,0.0,0.0,4,stable,0.4786,persistent,2026-10-05,neutral,0.5,59.984767830892295
GOOG,Alphabet Inc.,Communication Services,4197652365312.0,17.22166,22.773233,6.7437067,0.26,2.724,18.859,0.48676,0.2220295961067126,0.54771,0.242,2.94,22665000960.0,4110675607552.0,173164003328.0,129039000000.0,402836000000.0,120790999040.0,242473992192.0,50.896,595281000000.0,206038000000.0,,102745000000.0,132170000000.0,164713000000.0,0.5965231508603998,,12088000000.0,0.2223579474787676,0.5820043540617911,2.005333592875566,1.8369313974102917,0.0996017007094128,0.0501359226751003,0.6767157023321759,0.7773755374720159,12211000000.0,736000000.0,343.2277,[],{},0.0053994468782827,23.73862655372855,31.856071478793236,0.0313911902371799,0.0580664117164082,,0.2619889713645297,1.0,20,20,0.5798611111111112,9.0,22.0,0.61705,0.61705,0.4090909090909091,0.0,1.0,0.4090909090909091,22.0,5,5,"cheapness,quality,dividend,garp,risk",0.7605000000000001,True,0.83335,0.5743,buy,3,US,0.221,0.221,2,stable,0.4328,building,2026-10-07,neutral,0.625,55.93782608238742
MAR,"Marriott International, Inc.",Consumer Cyclical,93204389888.0,37.00052,27.164743,-20.67953,0.81,0.535,,,0.0944444444444444,0.35029998,0.111,0.043,2060375040.0,111521644544.0,4814000128.0,4139000000.0,26186000000.0,17774000128.0,462000000.0,-17.284,27540000000.0,3584000000.0,,8398000000.0,2601000000.0,3212000000.0,0.1994195371572596,,265864771.0,0.0907111756168359,0.1980876494023904,0.426768278161467,0.4029367556942999,0.6202977487291212,0.582117485295241,0.9508351488743646,0.95867389809793,276671710.0,809000000.0,357.425,[],{},0.0221059870943404,23.166107515317456,26.94410353805267,0.0371138716338332,0.0270266471930664,,0.2162260996761049,0.9,18,20,0.5606060606060606,5.0,22.0,0.464490909090909,0.464490909090909,0.2272727272727272,0.0,1.0,0.2272727272727272,22.0,5,5,"cheapness,quality,dividend,garp,risk",0.5006483333333334,True,0.7,0.5636,buy,3,US,0.6885,0.6885,4,stable,0.5059,persistent,2026-10-05,neutral,0.5,55.569725354974516
CSX,CSX Corporation,Industrials,86871810048.0,27.264534,20.603678,6.1687713,1.18,0.82,138.068,0.24357,0.0661370816354562,0.22208999,0.101,0.227,1953250048.0,106051772416.0,6831000064.0,4718000000.0,14092000000.0,19451000832.0,1390000000.0,7.602,43682000000.0,2550000000.0,,3133000000.0,2889000000.0,4613000000.0,0.3324581322736304,,1859740714.0,0.0811430174913478,0.3681568088033012,0.8139163740823492,0.8608058608058609,0.4430200082413809,0.4440417173323356,0.3226042763609725,0.3400056121971752,1900189590.0,844000000.0,46.895,[],{},0.0224842793873036,15.525072671994634,22.47812047816872,0.0444877053208796,0.0366776853769076,,0.1163530543293299,1.0,20,20,0.5517482517482518,5.0,22.0,0.446740909090909,0.446740909090909,0.2272727272727272,0.0,1.0,0.2272727272727272,22.0,4,5,"cheapness,dividend,garp,risk",0.5442333333333333,True,0.8,0.5626,buy,3,US,1.003,1.003,4,stable,0.4457,persistent,2026-10-05,neutral,0.625,39.916684663327054
AVGO,Broadcom Inc.,Technology,1789060972544.0,46.155174,19.324713,17.947515,0.69,2.504,59.604,0.44245,0.1351670446309587,0.42944,0.855,2.153,30596499456.0,1829421842432.0,52259999744.0,26075000000.0,63887000000.0,59419000832.0,23975000064.0,20.882,171092000000.0,31573000000.0,,18514000000.0,23126000000.0,27537000000.0,0.6776652527118193,,4741000000.0,0.0355881553925563,0.6303369915073487,1.7053581073782005,1.1735641133137689,0.3807074556379024,0.4078964049624196,0.373407289645337,0.3113525913851912,4686000000.0,3210000000.0,374.78,[],{},0.0171019880962986,35.006158656593506,70.15999395712367,0.0142531369174735,0.0216660433345999,,0.1708961973547955,1.0,20,20,0.5561546980151632,7.0,22.0,0.5149499999999999,0.5149499999999999,0.3181818181818182,0.0,1.0,0.3181818181818182,22.0,4,5,"quality,dividend,garp,risk",0.6967783333333333,True,1.0,0.5527,buy,3,US,0.5865,0.5865,4,stable,0.4435,persistent,2026-10-05,neutral,0.625,59.30054394965533
SNDK,Sandisk Corporation,Technology,250966573056.0,23.237934,6.5052147,16.229654,0.0,2.29,1.277,0.9164,0.5079752965743991,0.56465,3.716,,7720875008.0,238561902592.0,12616999936.0,12468000000.0,20248000000.0,201000000.0,4761999872.0,105.611,22507000000.0,12780000000.0,,5581000000.0,11433000000.0,11671000000.0,0.7147372580007902,,146000000.0,-0.1263765883711975,0.3007477906186268,2.289912202114317,3.5641205325858443,0.007864220020438,0.1572583750481324,0.8996312258408495,0.5664227955333077,146000000.0,73000000.0,1714.03,[],{},0.0307645552711802,18.9079736706119,19.133935081167788,0.0522631646735454,0.0430330854713676,,0.7366182204891882,1.0,20,20,0.5984964647755345,7.0,22.0,0.4772363636363636,0.4772363636363636,0.3181818181818182,0.0,1.0,0.3181818181818182,22.0,3,5,"cheapness,quality,risk",0.4923916666666666,True,1.0,0.552,buy,3,US,0.0,0.0,16,stable,0.3451,persistent,2026-09-20,neutral,0.375,50.916335303941565
ROST,"Ross Stores, Inc.",Consumer Cyclical,72254332928.0,27.236395,25.10264,10.678155,0.79,1.612,70.281,0.42628,0.1379561568248276,0.10848,0.133,0.705,2002041600.0,72075608064.0,3657101056.0,2707357000.0,22750559000.0,4739150848.0,4288123904.0,21.094,15548737000.0,7640097000.0,,4827180000.0,2145044000.0,3026883000.0,0.2770614559404892,,322333000.0,0.140267254697849,0.2777534276113092,1.5827246964065975,1.6171126114772647,0.3352258128747049,0.3812346481111591,1.4631772985805858,1.4175611116880855,328813000.0,37942000.0,225.245,[],{},0.0277082566383249,19.708399347004537,26.622129281066368,0.037562735476279,0.0367155785484826,,0.2525152829948113,1.0,20,20,0.5675324675324676,6.0,22.0,0.5118818181818182,0.5118818181818182,0.2727272727272727,0.0,1.0,0.2727272727272727,22.0,4,5,"cheapness,dividend,garp,risk",0.6572633333333333,True,1.0,0.5455,buy,3,US,0.6715,0.6715,4,stable,0.4452,persistent,2026-10-05,neutral,0.5,40.364130637438976
EXC,Exelon Corporation,Utilities,42925531136.0,15.318015,13.713261,1.44821,4.03,1.088,177.362,0.09711,0.0237453890366303,0.10989001,0.099,-0.002,-2685125120.0,93884342272.0,8354999808.0,5145000000.0,24258000000.0,52672999424.0,1812999936.0,28.77,116570000000.0,9546000000.0,,10331000000.0,2768000000.0,6254000000.0,0.429301673674664,,1022401000.0,0.0228234246270318,0.4084158415841584,0.9240151001839124,0.8723337842055977,0.4296131080037745,0.4328007867587026,0.2080981384575791,0.2136495212647517,1005046000.0,2127000000.0,41.665,[],{},-0.0625531018240118,11.236905377556653,18.24768557278912,0.0548014703569419,0.0652826100509759,,0.0484285431903538,1.0,20,20,0.8125,7.0,22.0,0.479440909090909,0.479440909090909,0.3181818181818182,0.0,0.962,0.3181818181818182,22.0,4,5,"cheapness,quality,dividend,garp",0.5363383333333334,False,0.43335,0.9,hold,2,US,3.4255,3.4255,34,stable,0.685,persistent,2026-07-18,accumulate,0.75,44.687373575084145
HON,Honeywell International Inc.,Industrials,66199257088.0,7.710225,21.22324,3.5712209,1.32,1.211,185.369,0.46577,0.0641820822192967,0.21581,0.043,2.639,2610374912.0,93546020864.0,8512000000.0,6567000000.0,37442000000.0,34955001856.0,9196000256.0,58.487,73681000000.0,30387000000.0,,23414000000.0,4729000000.0,6408000000.0,0.3693445862934672,,317650000.0,0.0758683972551731,0.3847394648155082,1.2978132741095072,1.3129469326307863,0.482661744547441,0.4265785414117772,0.5081635699841207,0.4616867918506303,324900000.0,1344000000.0,208.87,[],{},0.039432087712555,10.989899067669173,14.24486384406883,0.0702007411897006,0.1296979011637144,,0.1306423697455587,1.0,20,20,0.8468531468531469,10.0,22.0,0.6536227272727273,0.6536227272727273,0.4545454545454545,0.0,1.0,0.4545454545454545,22.0,4,5,"cheapness,quality,dividend,garp",0.7563483333333333,False,0.73335,0.8329,hold,2,US,1.122,1.122,34,stable,0.6719,persistent,2026-07-18,neutral,0.625,41.326153722461356
MCHP,Microchip Technology Incorporated,Technology,41713930240.0,112.97059,16.759935,6.46633,2.24,1.921,83.688,0.0719,0.0160054557727503,0.0934,0.38,,1364762496.0,49251287040.0,1506099968.0,529800000.0,4713100000.0,5398700032.0,272300000.0,11.88,14370100000.0,2377600000.0,,1136300000.0,230000000.0,962100000.0,0.5773482421336276,,542079011.0,-3.252117128250491e-05,0.5606824790985097,2.0924051746897825,2.589645918102329,0.3851886904057731,0.3685364172076021,0.3279796243589119,0.2862903750341472,538704604.0,215400000.0,76.82,[],{},0.0327171879549079,32.701207148554964,92.96203669309172,0.0107570792935769,0.0088518613561281,,0.0400338527104837,1.0,20,20,0.5831757389896925,3.0,22.0,0.3204636363636364,0.3204636363636364,0.1363636363636363,0.0,1.0,0.1363636363636363,22.0,3,5,"quality,dividend,risk",0.3945383333333333,True,0.8,0.6378,hold,2,US,1.904,1.904,34,stable,0.3663,persistent,2026-07-18,neutral,0.5,53.00135408549521
LIN,Linde plc,Basic Materials,224903004160.0,31.49645,24.915926,5.754795,1.31,0.879,68.947,0.18400998,0.0794544847207344,0.20435,0.093,0.113,4160750080.0,250521223168.0,13822000128.0,9254000000.0,33986000000.0,28013000704.0,4897999872.0,84.778,86817000000.0,13325000000.0,,15198000000.0,6898000000.0,10350000000.0,0.4883481433531454,,463680942.0,0.0819119867243939,0.480593849416755,0.8767601000131596,0.8900577557755776,0.3233122545123651,0.2820941519957078,0.3914671089763525,0.41180580682995,473236732.0,464000000.0,487.88,[],{},0.018500197876592,18.12481701982517,27.071668810028097,0.0369389861784055,0.0317496098766686,,0.129211522082129,1.0,20,20,0.5729172250740904,3.0,22.0,0.4619818181818182,0.4619818181818182,0.1363636363636363,0.0,1.0,0.1363636363636363,22.0,3,5,"dividend,garp,risk",0.57253,True,0.9,0.6004,hold,2,US,1.1135,1.1135,2,stable,0.264,building,2026-10-07,neutral,0.375,57.795206808606274
FER,Ferrovial N.V.,Industrials,36428681216.0,27.807692,38.1019,5.48502,2.5,1.198,144.091,0.11615,0.0323851203501094,0.06147,0.052,-0.52,889625024.0,45575458816.0,1548000000.0,967000000.0,9627000000.0,10657000448.0,3864000000.0,9.226949,27420000000.0,7310000000.0,,6464000000.0,888000000.0,1926000000.0,0.88324503999169,,720626181.0,0.1116935066726438,0.8781154350677743,1.1308787128712872,1.2175845103951757,0.3913931436907367,0.3977033690816924,0.3510940919037199,0.3154591537639229,721806552.0,438000000.0,50.61,[],{},0.0244210054908401,29.441510863049096,47.13077437021717,0.0212175592988329,0.035961272873707,,0.0461443023477762,1.0,20,20,0.5262237762237763,4.0,22.0,0.3586318181818181,0.3586318181818181,0.1818181818181818,0.0,1.0,0.1818181818181818,22.0,4,5,"quality,dividend,garp,risk",0.4685,True,0.7,0.5657,hold,2,US,2.125,2.125,20,stable,0.4368,persistent,2026-08-02,neutral,0.625,24.118947517442237
ORLY,"O'Reilly Automotive, Inc.",Consumer Cyclical,68818370560.0,27.00638,23.301641,-37.825745,0.0,0.752,,,0.1534750375387291,0.1427,0.081,0.103,1570733824.0,78200176640.0,4169743872.0,3460612000.0,17781992000.0,9587433472.0,262180992.0,-2.249,16538253000.0,6744277000.0,,8775821000.0,2538209000.0,2761993000.0,0.5159231316716373,,841909238.0,0.1602471803424002,0.5119849029944616,0.7685066730508747,0.7050028943062145,0.5134459486137986,0.5318240729444671,1.075203771522905,1.1218456800074608,862232760.0,235064000.0,85.0701,[],{},0.0228243390713608,18.75419187377848,22.597210158203232,0.0442532504233484,0.0370282873898686,,0.4458154351625882,0.9,18,20,0.585858585858586,3.0,22.0,0.3809090909090909,0.3809090909090909,0.1363636363636363,0.0,1.0,0.1363636363636363,22.0,3,5,"cheapness,quality,risk",0.3583683333333333,True,0.8,0.5636,hold,2,US,0.0,0.0,4,stable,0.3104,persistent,2026-10-05,neutral,0.625,43.40265616667187
AAPL,Apple Inc.,Technology,4897710800896.0,38.48548,35.020206,45.59693,0.32,1.003,78.445,1.4875101,0.3117962593356549,0.27618998,0.164,0.287,107721875456.0,4891001487360.0,167959003136.0,133050000000.0,416161000000.0,84343996416.0,62399000576.0,7.36,359241000000.0,147957000000.0,,165631000000.0,112010000000.0,111482000000.0,0.4690516410716045,,14773260000.0,0.2568250315085758,0.4620634981523393,0.8932929222186667,0.8673125765340832,0.2746262258483859,0.2921502548084826,1.1584451663368045,1.0713874732862074,15116786000.0,,335.5934,[],{},0.0219943316041227,29.120210265832856,36.7606274886133,0.027203017693584,0.0259838255882478,,0.6872062393471412,1.0,20,20,0.5510222335803732,6.0,22.0,0.4402,0.4402,0.2727272727272727,0.0,1.0,0.2727272727272727,22.0,5,5,"cheapness,quality,dividend,garp,risk",0.5295949999999999,True,0.9,0.5138,hold,2,US,0.272,0.272,34,stable,0.5324,persistent,2026-07-18,neutral,0.375,57.696089687552025
XEL,Xcel Energy Inc.,Utilities,45429653504.0,19.926027,16.02805,1.8877181,3.26,0.701,173.135,0.0992,0.0247999901684875,0.15278,-0.051,0.24,-7907999744.0,85062656000.0,6122999808.0,2879000000.0,14669000000.0,41650999296.0,2018000000.0,38.528,81371000000.0,5014000000.0,,7089000000.0,2018000000.0,4083000000.0,0.4720158156656895,,623600715.0,0.0276433211965445,0.4574064429729931,0.7072929891381012,0.6696082984982196,0.427437293384621,0.4313271935460841,0.1802730702584458,0.1919183265510102,574365598.0,1343000000.0,72.73,[],{},-0.1740713198110506,13.892317273775095,29.54590343869399,0.033845639618871,0.0501856190398617,,0.038757707116125,1.0,20,20,0.4875,6.0,22.0,0.4506272727272726,0.4506272727272726,0.2727272727272727,0.0,1.0,0.2727272727272727,22.0,3,5,"cheapness,dividend,garp",0.5524116666666667,False,0.43335,0.5125,hold,2,US,2.771,2.771,34,stable,0.3,persistent,2026-07-18,neutral,0.625,48.04357288568128
NVDA,NVIDIA Corporation,Technology,5741262929920.0,30.058535,14.939929,25.072552,0.42,4.589,16.971,1.17211,0.5805863551302447,0.63663,1.059,1.278,41809874944.0,5742075052032.0,201266003968.0,130387000000.0,215938000000.0,38860001280.0,62469001216.0,9.483,206803000000.0,125605000000.0,,32163000000.0,120067000000.0,102718000000.0,0.7106808435754708,,24304000000.0,0.6530407433625147,0.7498869705816992,3.905263812455306,4.439851498864077,0.053384138527971,0.0894436429781095,1.0441724733200195,1.169317479234057,24477000000.0,259000000.0,237.763,[],{},0.0072823480572736,28.5297811792644,44.03870824569934,0.0227072963725646,0.0332684210990322,,0.7466044434264774,1.0,20,20,0.5219695033648521,6.0,22.0,0.5107045454545454,0.5107045454545454,0.2727272727272727,0.0,1.0,0.2727272727272727,22.0,5,5,"cheapness,quality,dividend,garp,risk",0.623555,True,0.66665,0.4987,hold,2,US,0.357,0.357,34,stable,0.5103,persistent,2026-07-18,neutral,0.375,64.40706173824387
AMAT,"Applied Materials, Inc.",Technology,412845244416.0,44.885242,28.17208,16.11037,0.4,2.423,28.666,0.41068,0.1927876801013802,0.30052,0.248,0.428,3075375104.0,418933932032.0,10154999808.0,8470000000.0,28368000000.0,7345999872.0,9233000448.0,32.291,36299000000.0,20881000000.0,,7999000000.0,6998000000.0,7958000000.0,0.4867456288776086,,793000000.0,0.2085791508035688,0.4745731527818663,2.6104513064133017,2.5059045819555976,0.1942202264525193,0.1919846551774245,0.7815091324829885,0.7897933680141823,818000000.0,269000000.0,520.22,[],{},0.0074492201269033,41.25395765167502,49.46091287272727,0.0202179851102465,0.0222790377291493,,0.2992932862190812,1.0,20,20,0.4816125734730385,5.0,22.0,0.4690045454545455,0.4690045454545455,0.2272727272727272,0.0,1.0,0.2272727272727272,22.0,5,5,"cheapness,quality,dividend,garp,risk",0.5476333333333333,True,0.83335,0.47,hold,2,US,0.34,0.34,34,stable,0.4758,persistent,2026-07-18,neutral,0.375,59.991951765292164
SNPS,"Synopsys, Inc.",Technology,96206381056.0,88.697,27.015268,3.0877314,0.0,1.337,34.804,0.03661,0.0276253994834696,0.11432999,0.424,0.893,3425542400.0,104042045440.0,2075485952.0,914927000.0,7054178000.0,10841789440.0,3607668992.0,162.587,48224461000.0,6012102000.0,,3722494000.0,1332220000.0,1518608000.0,0.7698457566565516,,185994000.0,0.1731265108259333,0.7967683383392336,1.61507365760697,2.4412728480219763,0.2963935252692611,0.0523542896996464,0.1462780060932148,0.4686891352707957,154112000.0,446729000.0,502.025,[],{},0.0356061870574474,50.129004891477095,113.7162259284074,0.0087938198074703,0.0112743384781897,,0.0205592485383848,1.0,20,20,0.4609890109890109,4.0,22.0,0.2832090909090909,0.2832090909090909,0.1818181818181818,0.0,1.0,0.1818181818181818,22.0,2,5,"garp,risk",0.3388616666666666,True,0.9,0.4633,hold,2,US,0.0,0.0,34,stable,0.1849,persistent,2026-07-18,wait,0.25,74.96505781069398
ODFL,"Old Dominion Freight Line, Inc.",Industrials,36644012032.0,33.884617,26.278032,8.039055,0.65,1.889,0.44,0.24818,0.187143154862015,0.19443001,0.104,0.323,970776000.0,36649684992.0,1793243008.0,1361045000.0,5496389000.0,19997000.0,283939008.0,21.918,5470160000.0,694833000.0,,483906000.0,1023703000.0,1370133000.0,0.3302830276386915,,208556788.0,0.2159875587168652,0.3478691479171288,1.4358842419808806,1.333292015784537,0.0073114863184989,0.0109238180826547,1.0047949237316642,1.0588948709754078,212984747.0,296000.0,176.2,[],{},0.0264920773181783,20.43765670826472,26.92760709014029,0.0371366084127897,0.0295119168677633,,0.2729594200375673,1.0,20,20,0.4825174825174825,6.0,22.0,0.5232772727272728,0.5232772727272728,0.2727272727272727,0.0,1.0,0.2727272727272727,22.0,5,5,"cheapness,quality,dividend,garp,risk",0.6189666666666667,True,1.0,0.4612,hold,2,US,0.5525,0.5525,26,stable,0.4719,persistent,2026-07-25,neutral,0.625,38.90752694762278
GOOGL,Alphabet Inc.,Communication Services,4233697689600.0,17.369543,22.968786,6.8016148,0.25,2.724,18.859,0.48676,0.2220295961067126,0.54771,0.242,2.94,22665000960.0,4148466286592.0,173164003328.0,129039000000.0,402836000000.0,120790999040.0,242473992192.0,50.896,595281000000.0,206038000000.0,,102745000000.0,132170000000.0,164713000000.0,0.5965231508603998,,12088000000.0,0.2223579474787676,0.5820043540617911,2.005333592875566,1.8369313974102917,0.0996017007094128,0.0501359226751003,0.6767157023321759,0.7773755374720159,12211000000.0,736000000.0,346.175,[],{},0.0053534764694409,23.956862897967017,32.14893393928967,0.031105230484109,0.0575720385965249,,0.2619889713645297,1.0,20,20,0.4763888888888888,8.0,22.0,0.6085363636363638,0.6085363636363638,0.3636363636363636,0.0,1.0,0.3636363636363636,22.0,5,5,"cheapness,quality,dividend,garp,risk",0.75562,True,0.83335,0.4597,hold,2,US,0.2125,0.2125,34,stable,0.468,persistent,2026-07-18,neutral,0.625,55.7515903462041
AEP,"American Electric Power Company, Inc.",Utilities,66563465216.0,20.865187,17.83183,2.0748696,3.12,0.504,160.789,0.10130999,0.0312773021142757,0.13781999,0.07,-0.432,-5995950080.0,120368824320.0,9029000192.0,5385000000.0,21876000000.0,53525000192.0,603000000.0,58.929,114460000000.0,6052000000.0,,13314000000.0,3580000000.0,6944000000.0,0.6100749680014628,,540861473.0,0.028784027629562,0.6318138025455099,0.4545591107105303,0.4449996156507033,0.4325353835401013,0.443964764547236,0.1911235366066748,0.1913211354508236,532907715.0,2026000000.0,122.27,[],{},-0.0900786949799413,13.331356934364766,22.352613615598887,0.0447374976902989,0.0479267211935363,,0.0532398710774523,1.0,20,20,0.4375,4.0,22.0,0.4337136363636364,0.4337136363636364,0.1818181818181818,0.0,0.93,0.1818181818181818,22.0,3,5,"cheapness,dividend,garp",0.5284016666666667,False,0.53335,0.4375,hold,2,US,2.652,2.652,18,stable,0.2625,persistent,2026-09-17,neutral,0.5,54.05364158076598
AMZN,"Amazon.com, Inc.",Consumer Cyclical,2784486752256.0,20.768301,24.66457,5.046329,0.0,1.033,45.617,0.30558002,0.094946225254938,0.1744,0.196,2.423,3219124992.0,2893071253504.0,168911994880.0,79975000000.0,716924000000.0,251635007488.0,122988003328.0,51.156,818042000000.0,229083000000.0,,218005000000.0,77670000000.0,139514000000.0,0.5028566486824266,,10731000000.0,0.0948128802644928,0.4885439346415678,1.0508153482718283,1.063734806137178,0.1870160700795313,0.2094755270493875,0.8763902097936291,1.020907545919788,10593000000.0,2274000000.0,258.15,[],{},0.0011560927662492,17.127683889822755,36.17469526106908,0.02764363300874,0.0481503036767427,,0.1332834475207362,1.0,20,20,0.4525974025974025,4.0,22.0,0.4824272727272728,0.4824272727272728,0.1818181818181818,0.0,1.0,0.1818181818181818,22.0,2,5,"quality,garp",0.6159466666666666,False,0.73335,0.4364,hold,2,US,0.0,0.0,34,stable,0.1778,persistent,2026-07-18,neutral,0.625,58.45444143289167
KLAC,KLA Corporation,Technology,254548033536.0,53.293713,29.089283,40.1513,0.47,2.876,96.88,0.87496,0.2691007203562258,0.35574,0.152,0.138,2624587520.0,259240034304.0,6054757888.0,5660780000.0,13579476000.0,6151712768.0,4902408192.0,4.858,17951535000.0,12381790000.0,,4304927000.0,4830771000.0,4143079000.0,0.6130145227989652,,1306983000.0,0.2527795435453213,0.6090980853989936,2.876190467341258,2.618532990519593,0.3426845113802246,0.378909014144078,0.7564520805602418,0.7565482937872628,1320230000.0,284440000.0,195.055,[],{},0.0103107750766764,42.81592081787301,45.79581511805794,0.0218360563606539,0.0187639393787406,,0.4148122375904693,1.0,20,20,0.455128205128205,5.0,22.0,0.3941772727272727,0.3941772727272727,0.2272727272727272,0.0,0.8,0.2272727272727272,22.0,4,5,"cheapness,quality,dividend,garp",0.4585333333333333,False,0.73335,0.4272,hold,2,US,0.3995,0.3995,34,stable,0.3529,persistent,2026-07-18,neutral,0.5,56.06057419354139
VRTX,Vertex Pharmaceuticals Incorporated,Healthcare,129050902528.0,29.653757,25.323359,6.370729,0.0,3.185,9.767,0.23542999,0.154162929454432,0.34997,0.125,0.08,2627887616.0,121441157120.0,5100499968.0,4554400000.0,12001300000.0,1977600000.0,7852400128.0,79.921,25643000000.0,11201000000.0,,3861200000.0,3953200000.0,3631400000.0,0.8624065726212994,,253991224.0,-0.0237693714163989,0.8611174127276522,2.9009116336890086,2.692139370476351,0.0791834028779784,0.0774102213622565,0.4680146628709589,0.4890605861573145,256940382.0,13300000.0,509.155,[],{},0.0203631866536526,23.80965746140752,26.664578675566485,0.037502936467409,0.0337225397780119,,0.209091994233718,1.0,20,20,0.4451388888888889,4.0,22.0,0.4167181818181818,0.4167181818181818,0.1818181818181818,0.0,1.0,0.1818181818181818,22.0,3,5,"cheapness,quality,risk",0.447795,True,1.0,0.4229,hold,2,US,0.0,0.0,21,stable,0.2604,persistent,2026-07-26,neutral,0.625,40.83880890127968
DXCM,"DexCom, Inc.",Healthcare,31992645632.0,33.642857,27.200453,12.2055855,0.0,1.733,53.346,0.38491002,0.1319105979589583,0.20118,0.131,0.436,1021162496.0,30919514112.0,1403200000.0,911800000.0,4662000000.0,1398400000.0,1947000064.0,6.946,6339900000.0,4033300000.0,,2142500000.0,836300000.0,1440700000.0,0.601008151008151,,384800000.0,0.0888580461099545,0.6045623605256633,1.882520420070012,1.4670532060027286,0.2191990409943374,0.3990130310740998,0.7353428287512421,0.6219446372118128,390700000.0,18300000.0,84.78,[],{},0.0319186636749604,22.035001505131127,33.910412493967975,0.0294894672890776,0.0297239916336475,,0.2172297136322485,1.0,20,20,0.4361111111111111,8.0,22.0,0.3972136363636362,0.3972136363636362,0.3636363636363636,0.0,1.0,0.3636363636363636,22.0,4,5,"cheapness,quality,garp,risk",0.48445,True,1.0,0.4083,hold,2,US,0.0,0.0,34,stable,0.3378,persistent,2026-07-18,neutral,0.5,42.60679362400253
NFLX,"Netflix, Inc.",Communication Services,287603294208.0,21.720125,18.142275,9.538737,0.0,1.142,55.236,0.49541,0.1975142972210745,0.28219,0.134,0.111,25387552768.0,293547769856.0,14726931456.0,13326603000.0,45183036000.0,16654660608.0,9127910400.0,7.241,55596993000.0,13020191000.0,,10980930000.0,10981201000.0,10149273000.0,0.4848657580247595,,4222162150.0,0.1624383786695203,0.4605655665041732,1.185709316059751,1.2180280603231866,0.2601370185614175,0.2905593013392,0.8126884847890964,0.7272178635189082,4277571000.0,776510000.0,69.07,[],{},0.088272816338603,19.932717873580085,22.027201519847186,0.0453984133708028,0.046040250689165,,0.2986951807020713,1.0,20,20,0.4493055555555555,8.0,22.0,0.4677545454545454,0.4677545454545454,0.3636363636363636,0.0,1.0,0.3636363636363636,22.0,3,5,"cheapness,quality,risk",0.5046616666666667,True,1.0,0.3993,hold,2,US,0.0,0.0,21,stable,0.2546,persistent,2026-07-26,neutral,0.625,41.030863606873005
STX,Seagate Technology Holdings plc,Technology,183046815744.0,57.91223,14.53783,84.24699,0.37,1.67,179.88,3.7152898,0.3192940232651424,0.26108998,0.485,1.488,1943750016.0,184785616896.0,4502000128.0,4226000000.0,12195000000.0,3897999872.0,1704000000.0,9.555,9972000000.0,5221000000.0,,3127000000.0,3184000000.0,3674000000.0,0.455760557605576,,227000000.0,0.1830985915492957,0.3517643179070023,1.669651423089223,1.3795317220543806,0.3868832731648616,0.6620964726411567,1.2229241877256318,1.133865137729029,212668547.0,284000000.0,804.98,[],{},0.0106188682283248,41.04522693074433,43.725891362044486,0.0228697453350952,0.0172675098161476,,0.6173849525200876,1.0,20,20,0.4348879802368174,7.0,22.0,0.4459590909090909,0.4459590909090909,0.3181818181818182,0.0,1.0,0.3181818181818182,22.0,5,5,"cheapness,quality,dividend,garp,risk",0.6036316666666667,True,0.9,0.3884,hold,2,US,0.3145,0.3145,34,stable,0.4116,persistent,2026-07-18,neutral,0.375,42.514664341350326
MRVL,"Marvell Technology, Inc.",Technology,255447449600.0,93.49987,39.56179,13.662737,0.08,3.168,28.525,0.16523,0.1198144068062803,0.27934998,0.365,0.5,2408049920.0,253032366080.0,2850299904.0,1338400000.0,8194600000.0,5286099968.0,3932800000.0,20.804,22285300000.0,6460600000.0,,3220500000.0,2670100000.0,1750500000.0,0.5101774339198984,,847259927.0,-0.0438021232893662,0.4130529017044371,2.0060860114888994,1.5395204262877442,0.2149533549021103,0.2149570640203915,0.367713245951367,0.2854463114652676,866000000.0,202600000.0,284.2396,[],{},0.0094267917873939,88.77394470838111,189.05586228332336,0.0052894419031628,0.0106952020361097,,0.0702026771851789,1.0,20,20,0.385475764545532,4.0,22.0,0.4087000000000001,0.4087000000000001,0.1818181818181818,0.0,1.0,0.1818181818181818,22.0,3,5,"quality,dividend,risk",0.4789366666666667,True,0.83335,0.3855,hold,2,US,0.068,0.068,18,stable,0.2313,persistent,2026-09-17,neutral,0.5,68.17064591944035
TER,"Teradyne, Inc.",Technology,63694786560.0,55.96291,34.963406,20.286312,0.12,2.125,2.883,0.36465,0.1324331036507084,0.25766,1.039,3.858,437381248.0,67057999872.0,1504893952.0,688605000.0,3190024000.0,100127000.0,354828992.0,20.083,4183599000.0,1949300000.0,,1115207000.0,554047000.0,674415000.0,0.582235431457569,,156088000.0,0.1462426059275533,0.5847507695362923,1.7479266181076698,2.908194159585897,0.0677022343680644,0.0206597219413521,0.7625071140900455,0.7603390285689325,161722000.0,6846000.0,407.41,[],{},0.0068668296358602,44.55995040905049,97.3823888470168,0.0102687971802679,0.0178689778640889,,0.2244188486999053,1.0,20,20,0.3901908169350029,6.0,22.0,0.5129818181818182,0.5129818181818182,0.2727272727272727,0.0,1.0,0.2727272727272727,22.0,4,5,"quality,dividend,garp,risk",0.685855,True,1.0,0.3762,hold,2,US,0.102,0.102,34,stable,0.3066,persistent,2026-07-18,neutral,0.375,55.51750938429316
APP,AppLovin Corporation,Communication Services,92880560128.0,21.251345,13.17777,29.306765,0.0,4.3,111.13,2.03686,0.4592208121372911,0.64575994,0.528,0.57,3179956224.0,93755768832.0,5414905856.0,4151914000.0,5480717000.0,3515072000.0,3053306112.0,9.434,7259610000.0,4430792000.0,,1333788000.0,3333764000.0,3971094000.0,0.8786399662671873,,338313000.0,0.2691634497642717,0.8385224459361463,3.3219612112269714,2.186525978938449,0.4882825661433603,0.6056318182584889,0.7549602526857503,0.5493126133980456,340041739.0,207016000.0,276.48,[],{},0.0342370483082537,17.31438575762378,22.581336904377117,0.044284357663791,0.0470558451712115,,0.700647775110356,1.0,20,20,0.425,7.0,22.0,0.4787181818181818,0.4787181818181818,0.3181818181818182,0.0,1.0,0.3181818181818182,22.0,4,5,"cheapness,quality,garp,risk",0.588955,True,0.9,0.375,hold,2,US,0.0,0.0,34,stable,0.32,persistent,2026-07-18,neutral,0.625,36.96236106964025
LRCX,Lam Research Corporation,Technology,408433623040.0,58.70054,27.743187,32.74556,0.4,2.629,33.049,0.65066004,0.3087749832201737,0.31272,0.3,0.348,3090484480.0,416345948160.0,8641328128.0,8199795000.0,23232690000.0,4121564928.0,5579170816.0,9.967,23529743000.0,15610705000.0,,5937249000.0,7265396000.0,5857657000.0,0.5046900724797688,,1251278000.0,0.2510260826056932,0.4870502388559173,2.629282517879914,2.210118102893768,0.1587166931657519,0.2100937163566993,0.9873754252224516,0.8636854739647116,1268740000.0,156884000.0,326.375,[],{},0.0075666749886978,48.18078216598882,50.775165496210576,0.0196946674664139,0.0170356184116875,,0.4660962226276729,1.0,20,20,0.4030752193542891,6.0,22.0,0.4588863636363636,0.4588863636363636,0.2727272727272727,0.0,1.0,0.2727272727272727,22.0,5,5,"cheapness,quality,dividend,garp,risk",0.5311049999999999,True,0.83335,0.3728,hold,2,US,0.34,0.34,34,stable,0.3879,persistent,2026-07-18,neutral,0.375,56.895927330702136
CDNS,"Cadence Design Systems, Inc.",Technology,98150088704.0,70.85488,37.25034,14.312107,0.0,1.743,38.661,0.23229,0.1092161761061692,0.23605,0.242,1.254,1609676544.0,100137074688.0,2155915008.0,1649781000.0,5296759000.0,2651358976.0,1531835008.0,24.902,10153148000.0,4669673000.0,,1635291000.0,1108888000.0,1728781000.0,0.8636432203164237,,271799000.0,0.1176094620280034,0.8604901595772186,2.855560875709583,2.9312198700099628,0.2576973171276534,0.2880473769962433,0.5216863774663779,0.5171623275861492,273851000.0,116541000.0,356.4001,[],{},0.0164001537365334,46.447598498279945,60.69719234734792,0.0164752266344934,0.0141133539425936,,0.1936849843804609,1.0,20,20,0.3906423034330011,6.0,22.0,0.4041681818181818,0.4041681818181818,0.2727272727272727,0.0,1.0,0.2727272727272727,22.0,3,5,"quality,garp,risk",0.5193966666666666,True,1.0,0.3697,hold,2,US,0.0,0.0,34,stable,0.2281,persistent,2026-07-18,wait,0.25,70.50742002589033
MPWR,"Monolithic Power Systems, Inc.",Technology,69936381952.0,86.564476,40.689217,17.953047,0.54,4.975,0.486,0.21979,0.1481768032465794,0.24500999,0.476,0.858,444316128.0,71026720768.0,1000281984.0,728636000.0,2790459000.0,18934000.0,1413761024.0,79.269,4194199000.0,2183802000.0,,369365000.0,621483000.0,838202000.0,0.551787716644466,,48709000.0,0.4528266789388086,0.5531557247066287,5.912314377377391,5.313062902497564,0.0047618150688605,0.0036901754411912,0.6653139252572422,0.6277621563321465,47823000.0,,1423.12,[],{},0.0063531471831778,71.00669801526686,97.47901663930962,0.0102586180541827,0.0115520828659553,,0.1905013394045336,1.0,20,20,0.3506772297469972,5.0,22.0,0.454640909090909,0.454640909090909,0.2272727272727272,0.0,1.0,0.2272727272727272,22.0,4,5,"quality,dividend,garp,risk",0.5650133333333333,True,1.0,0.3623,hold,2,US,0.459,0.459,34,stable,0.2852,persistent,2026-07-18,neutral,0.5,61.108818772793605
ABNB,"Airbnb, Inc.",Consumer Cyclical,95769780224.0,36.432804,25.843502,12.099252,0.0,1.408,32.004,0.34542,0.1130673631123919,0.2045,0.165,0.334,3206874880.0,84990648320.0,2760999936.0,2544000000.0,12241000000.0,2496000000.0,12069000192.0,13.219,22208000000.0,18797000000.0,,13649000000.0,2511000000.0,4646000000.0,0.8295890858589985,,602000000.0,0.1263419056252683,0.8308412898576834,1.3771704886804894,1.6907784666863497,0.0930745677233429,0.0981917076196383,0.5511977665706052,0.5297008445059401,623000000.0,,159.94,[],{},0.0334852483998533,30.78256077149,33.40827371069182,0.0299327049538619,0.0274477912817251,,0.2972309849281458,1.0,20,20,0.4168831168831169,5.0,22.0,0.4030818181818181,0.4030818181818181,0.2272727272727272,0.0,1.0,0.2272727272727272,22.0,3,5,"cheapness,quality,risk",0.4494616666666666,True,1.0,0.3591,hold,2,US,0.0,0.0,34,stable,0.2328,persistent,2026-07-18,accumulate,0.75,44.285154322265235
FAST,Fastenal Company,Industrials,57426513920.0,42.773506,35.67533,14.113085,1.89,4.18,10.851,0.34334,0.2490451028122464,0.15454,0.147,0.146,916124992.0,58541150208.0,1954700032.0,1655700000.0,8200500000.0,441500000.0,204700000.0,3.546,5052900000.0,3472100000.0,,715600000.0,1258400000.0,1295900000.0,0.4501188951893177,,1148057473.0,0.2449127288207748,0.4508216273522396,4.852012297372834,4.67457429777325,0.0874547289675236,0.1033205619412516,1.6229294068752598,1.606215410813112,1146640904.0,6200000.0,50.045,[],{},0.0159529967860532,29.948917608653318,35.35734143141873,0.0282826694405081,0.0233789579932961,,0.3817351808728932,1.0,20,20,0.3618881118881119,8.0,22.0,0.5343045454545454,0.5343045454545454,0.3636363636363636,0.0,1.0,0.3636363636363636,22.0,5,5,"cheapness,quality,dividend,garp,risk",0.656925,True,1.0,0.3392,hold,2,US,1.6065,1.6065,34,stable,0.3505,persistent,2026-07-18,neutral,0.5,48.70855037145753
ASML,ASML Holding N.V.,Technology,691341623296.0,58.419346,30.910507,1563.4186,0.49,1.334,9.092,0.53942,0.1900345287205388,0.30114,0.213,0.285,8437675008.0,39132059402240.0,13488400384.0,11301400000.0,32667300000.0,1984400000.0,7581499904.0,1.1512592,50566600000.0,30616100000.0,,24263900000.0,9609400000.0,12658500000.0,0.5282958799778371,,385417665.0,0.1558275845036798,0.512757006535069,1.26179633117512,1.532930368951794,0.0868339971443601,0.0964733193934504,0.6460252419581305,0.5816656239195219,393283720.0,118300000.0,1799.9,[],{},0.0122047837475386,2901.163836199481,3462.5851135469943,0.0002888015650756,0.0171176171674362,,0.4296669163241796,1.0,20,20,0.375930658488798,6.0,22.0,0.45065,0.45065,0.2727272727272727,0.0,1.0,0.2727272727272727,22.0,4,5,"quality,dividend,garp,risk",0.5617766666666666,True,1.0,0.3387,hold,2,US,0.4165,0.4165,34,stable,0.2859,persistent,2026-07-18,neutral,0.375,55.74382827627245
CTAS,Cintas Corporation,Industrials,78698856448.0,38.853058,31.9731,15.121286,1.06,1.454,52.096,0.41375,0.1899459974888737,0.17824,0.109,0.133,1623005312.0,80757129216.0,3104823040.0,2621648000.0,11264761000.0,2711374080.0,243599008.0,13.027,10529140000.0,3853042000.0,,2686959000.0,1999968000.0,2276280000.0,0.5066945494893322,,400147000.0,0.1844515569643533,0.5003939486165667,1.433978709760737,2.089489097611313,0.2569969627149036,0.2701695561462564,1.069865250153384,1.052409910352326,402948000.0,106285000.0,196.985,[],{},0.0206229846944776,26.010219640730316,30.803955838464965,0.0324633629928561,0.0257379998248786,,0.3343008787988953,1.0,20,20,0.3657342657342657,7.0,22.0,0.4868772727272727,0.4868772727272727,0.3181818181818182,0.0,1.0,0.3181818181818182,22.0,5,5,"cheapness,quality,dividend,garp,risk",0.6140683333333333,True,1.0,0.3262,hold,2,US,0.901,0.901,34,stable,0.346,persistent,2026-07-18,neutral,0.5,48.671292181594445
FTNT,"Fortinet, Inc.",Technology,139354226688.0,67.113075,50.27569,89.84389,0.0,1.282,36.194,1.17442,0.1783967966734686,0.28173,0.256,0.439,2265587456.0,136829206528.0,2595800064.0,2084700000.0,6799600000.0,561400000.0,4069600000.0,2.114,10389200000.0,5900200000.0,,5034000000.0,1853400000.0,2590600000.0,0.8045620330607682,,743000000.0,0.1787546988149256,0.8056348433459821,1.1720699245133095,1.470559263181225,0.0958976629576868,0.1018426524362139,0.6544873522504139,0.610031649783368,767000000.0,20100000.0,189.93,[],{},0.0162577591641509,52.71176637431503,65.63496259797573,0.0152357822784962,0.0149002262226846,,0.3892851807588885,1.0,20,20,0.3318255388022829,4.0,22.0,0.3556818181818182,0.3556818181818182,0.1818181818181818,0.0,1.0,0.1818181818181818,22.0,3,5,"cheapness,quality,risk",0.425415,True,1.0,0.2562,hold,2,US,0.0,0.0,26,stable,0.1764,persistent,2026-07-25,neutral,0.5,68.91071022142482
SHOP,Shopify Inc.,Technology,212854292480.0,110.83108,66.9248,16.67141,0.0,5.353,1.403,0.15543,0.0810454934492066,0.1453,0.337,0.681,1587750016.0,206806728704.0,2395000064.0,1885000000.0,11556000000.0,178000000.0,4946999808.0,9.839,15189000000.0,8296000000.0,,1392000000.0,1231000000.0,2033000000.0,0.4807026652821045,,1303904300.0,0.1450014363688595,0.5036036036036036,5.959770114942529,3.708588957055215,0.0123773783659227,0.0808675667911519,0.7608137467904404,0.6377477736282677,1294580139.0,,164.03,[],{},0.0074593281512008,86.34936249588343,109.71179241591511,0.0091147904703718,0.0090227398307406,,0.1366239037471914,1.0,20,20,0.2550345003833376,4.0,22.0,0.3424,0.3424,0.1818181818181818,0.0,1.0,0.1818181818181818,22.0,2,5,"quality,risk",0.415915,True,1.0,0.2376,hold,2,US,0.0,0.0,19,stable,0.0985,persistent,2026-08-16,neutral,0.375,71.19201277620101
IDXX,"IDEXX Laboratories, Inc.",Healthcare,40276848640.0,36.72773,30.545692,25.006115,0.0,1.172,67.971,0.74211,0.3161862730205306,0.25030002,0.097,0.176,909368384.0,41503723520.0,1621684992.0,1360031000.0,4303702000.0,1096081024.0,196932992.0,20.445,3350759000.0,1413827000.0,,1148814000.0,1059464000.0,1181805000.0,0.6179747110743262,,79712000.0,0.2695862658014728,0.6103719200801333,1.2306839923608173,1.3108680832574846,0.2912957929830226,0.2996705878923667,1.2843961621829565,1.1834132243976896,81604000.0,38852000.0,511.25,[],{},0.0225779427811758,25.592962705299552,30.516748162358063,0.0327688911898379,0.0272273837778702,,0.6176498504731045,1.0,20,20,0.2826388888888889,5.0,22.0,0.3527181818181818,0.3527181818181818,0.2272727272727272,0.0,1.0,0.2272727272727272,22.0,3,5,"cheapness,quality,risk",0.4150683333333333,True,1.0,0.2326,hold,2,US,0.0,0.0,26,stable,0.1546,persistent,2026-07-25,neutral,0.625,39.90654092958231
DDOG,"Datadog, Inc.",Technology,98713313280.0,549.82,92.4235,22.59658,0.0,3.205,29.259,0.04696,0.016216666134846,0.044770002,0.356,14.985,1051412352.0,96201400320.0,82897000.0,-44373000.0,3427158000.0,1277800960.0,4985438208.0,12.166,6643844000.0,5382280000.0,,1591401000.0,107741000.0,1050135000.0,0.7995549081775629,,352525971.0,0.0317606280288847,0.8079440444812845,3.382101682731128,2.636538747515049,0.1925097880082675,0.3184221356777882,0.5158396253735037,0.463978861048592,342118782.0,11059000.0,274.91,[],{},0.010651170719168,1160.493145952206,-2168.0165938746536,-0.0004612510821297,0.0018187770543086,,-0.0087824840379198,1.0,20,20,0.1880015333503705,4.0,22.0,0.2884590909090909,0.2884590909090909,0.1818181818181818,0.0,1.0,0.1818181818181818,22.0,2,5,"garp,risk",0.4346166666666667,True,0.9,0.1752,hold,2,US,0.0,0.0,4,stable,0.0726,persistent,2026-10-05,neutral,0.375,63.37270967645778
COST,Costco Wholesale Corporation,Consumer Defensive,419642146816.0,45.60236,37.86708,11.720853,0.63,1.06,23.953,0.28402,0.1050467580643069,0.03043,0.111,0.15,7147500032.0,402030133248.0,14359000064.0,10383000000.0,275235000000.0,8576000000.0,21301000192.0,80.771,77099000000.0,38380000000.0,,37108000000.0,8099000000.0,13335000000.0,0.1284320671426235,,443237000.0,0.1054975583909725,0.1261333134213391,1.0342783227336425,0.965655312429506,0.1060065629904408,0.1169824290071744,3.569890660060442,3.643840128309777,443126000.0,154000000.0,946.705,[],{},0.0170323693323729,27.99847701484069,38.72003594799191,0.0258264223035118,0.0219286896555353,,0.2596334175189417,1.0,20,20,0.2,6.0,22.0,0.4342818181818181,0.4342818181818181,0.2727272727272727,0.0,1.0,0.2727272727272727,22.0,5,5,"cheapness,quality,dividend,garp,risk",0.529505,True,0.9,0.1429,hold,2,US,0.5355,0.5355,26,stable,0.1714,persistent,2026-07-25,neutral,0.5,60.921980882636355
PLTR,Palantir Technologies Inc.,Technology,462396751872.0,165.87941,82.084885,47.30091,0.0,7.228,2.139,0.38097,0.1825799358050746,0.49005002,0.928,2.154,2159104512.0,452468441088.0,2662629888.0,1414015000.0,4475446000.0,211400000.0,9409098752.0,4.068,8900392000.0,8358174000.0,,1175581000.0,1625033000.0,2134473000.0,0.8236651721415028,,2391192000.0,0.0728904676382662,0.8024817248745161,7.109823993412619,5.958013810995384,0.0257671796927596,0.03772644318994,0.5028369536982191,0.4519097021803269,2338795190.0,,192.4201,[],{},0.0046693764678469,169.93290848540192,319.9884308780317,0.0031251129837914,0.0060284757463268,,0.183048491412929,1.0,20,20,0.1669222250617599,6.0,22.0,0.3655863636363636,0.3655863636363636,0.2727272727272727,0.0,1.0,0.2727272727272727,22.0,3,5,"quality,garp,risk",0.47477,True,1.0,0.1146,hold,2,US,0.0,0.0,26,stable,0.0845,persistent,2026-07-25,neutral,0.5,66.16372202960892
ARM,Arm Holdings plc,Technology,317985882112.0,306.94843,97.21297,36.844448,0.0,5.252,5.62,0.13352999,0.0844623002896384,0.20247999,0.224,1.083,1334499968.0,319731073024.0,1063699968.0,908000000.0,4920000000.0,485000000.0,3888000000.0,8.081,10703000000.0,6236000000.0,,1040000000.0,904000000.0,1524000000.0,0.9754065040650408,,1064053821.0,0.0886699507389162,0.9698028450212128,5.996153846153846,5.199138858988159,0.0426983088853592,0.0398566950291088,0.4596842006913949,0.4486117330944917,1056513738.0,,297.74,[],{},0.0041967270972425,300.58388891857146,352.1267324052864,0.0028398866316375,0.0032578762497661,,0.0939666770154196,1.0,20,20,0.1243121219865406,4.0,22.0,0.3086227272727272,0.3086227272727272,0.1818181818181818,0.0,1.0,0.1818181818181818,22.0,2,5,"quality,risk",0.3951966666666667,True,1.0,0.1011,hold,2,US,0.0,0.0,26,stable,0.0451,persistent,2026-07-25,neutral,0.375,53.395140755420016
ALAB,"Astera Labs, Inc.",Technology,64612794368.0,183.46799,58.253098,37.442448,0.0,10.054,2.574,0.25826,0.1430543868318989,0.30742002,1.045,1.862,91913128.0,66415947776.0,285396000.0,173423000.0,852525000.0,44413000.0,1252957952.0,9.947,1531823000.0,1362030000.0,,133042000.0,219134000.0,319306000.0,0.756882202867951,,170186000.0,-0.0791089304206321,0.7638320421913245,10.237594143202898,11.705056504356266,0.0027065790238167,0.0012195260728225,0.5565427598358296,0.375805588957125,162018000.0,,372.44,[],{},0.0014225221010642,232.71506179483944,382.9708157280176,0.0026111650259799,0.0054505420809373,,0.1239815239126067,1.0,20,20,0.1352627992162876,4.0,22.0,0.3076727272727272,0.3076727272727272,0.1818181818181818,0.0,1.0,0.1818181818181818,22.0,3,5,"quality,garp,risk",0.3787833333333333,True,0.83335,0.0969,hold,2,US,0.0,0.0,4,stable,0.0696,persistent,2026-10-05,neutral,0.375,64.65363547095757
MSTR,Strategy Inc,Technology,61947932672.0,,3.139119,1.8691347,0.0,5.39,14.938,-0.63562,-0.062428365550105,0.0,0.069,,-22587523072.0,81988034560.0,-36354969600.0,-40909000.0,477233000.0,6770777088.0,2447982080.0,83.116,61641082000.0,2564137000.0,,456492000.0,-3848152000.0,-67241000.0,0.686909748487636,,312062250.0,-0.0451429817380919,0.7206466201753781,5.617046958106604,0.7100038268464535,0.1336168953036872,0.2804583789037825,0.0077421256168086,0.0179330463128613,245778498.0,64968000.0,155.355,[],{},-0.3646210954543991,-2.2552084477606056,-2004.1564095920212,-0.000498963052591,,,-0.0006686160681962,0.95,19,20,0.4031007751937985,1.0,22.0,0.2713409090909091,0.2713409090909091,0.0454545454545454,0.0,1.0,0.0454545454545454,22.0,1,5,risk,0.2422683333333333,True,0.65,0.4667,avoid,1,US,0.0,0.0,4,stable,0.0826,persistent,2026-10-05,neutral,0.375,54.890822541964766
META,"Meta Platforms, Inc.",Communication Services,1845668216832.0,27.298416,20.755785,7.066914,0.28,2.226,42.997,0.29848,0.1651763150201764,0.29834998,0.28,-0.134,21553625088.0,1904359374848.0,109654999040.0,83276000000.0,200966000000.0,112317997056.0,90259996672.0,102.52,366021000000.0,108722000000.0,,41836000000.0,60458000000.0,115800000000.0,0.8199944269179861,,2529638328.0,0.2258978315836756,0.8166515705071702,2.5987666124868536,2.9778842719371355,0.2292136243548867,0.1777188521086454,0.5490559284849776,0.5959015265129286,2534487662.0,1165000000.0,724.5,[],{},0.0116779521321528,17.366826788747925,22.868045713626977,0.0437291412009074,0.0366321621005409,,0.2568780171815475,1.0,20,20,0.4291666666666666,3.0,22.0,0.4631954545454544,0.4631954545454544,0.1363636363636363,0.0,1.0,0.1363636363636363,22.0,3,5,"cheapness,quality,risk",0.490025,True,0.83335,0.4514,avoid,1,US,0.238,0.238,18,stable,0.2642,persistent,2026-09-17,neutral,0.375,57.67930408858778
HONA,Honeywell Aerospace Inc.,Industrials,48256053248.0,46.417683,17.005302,-8.470568,0.0,1.526,,,0.1006502685891998,0.10862,0.054,-0.709,,65051189248.0,3537999872.0,3257000000.0,17404000000.0,16149000192.0,1057000000.0,-17.974,17685000000.0,8390000000.0,,6577000000.0,1780000000.0,3705000000.0,0.3483681912204091,,316882673.0,0.1672306322350846,0.3562317902233732,1.2756575946480158,1.31809589276508,0.0153237206672321,0.0140694568121104,0.9841108283856376,0.9168892846542,316882673.0,818000000.0,152.25,[],{},,18.386430639192515,19.972732345102852,0.0500682622047549,0.0215435139233468,,0.2932120993878286,0.85,17,20,0.4495504495504496,1.0,22.0,0.349140909090909,0.349140909090909,0.0454545454545454,0.0,1.0,0.0454545454545454,22.0,1,5,cheapness,0.2920966666666666,False,0.63335,0.4366,avoid,1,US,0.0,0.0,4,stable,0.0753,persistent,2026-10-05,insufficient_data,0.0,
INTC,Intel Corporation,Technology,601083019264.0,,54.598183,6.550493,0.0,1.604,48.997,-0.10715,-0.0012628352780365,-0.19794,0.254,,4866375168.0,603861024768.0,16839999488.0,-23000000.0,52853000000.0,50537000960.0,29727000576.0,17.359,211429000000.0,63688000000.0,,31575000000.0,-267000000.0,9697000000.0,0.3476623843490435,,4994000000.0,-0.0954576685243148,0.3266416828308318,2.017038796516231,1.3268659227275277,0.2203340128364604,0.2545283354963483,0.2499798986893945,0.2702547268239306,4330000000.0,1091000000.0,113.71,[],{},0.0080960117189114,35.8587317771776,-26254.82716382609,-3.808823397541921e-05,,,-0.0001278815038864,0.95,19,20,0.3834625322997416,1.0,22.0,0.2392045454545454,0.2392045454545454,0.0454545454545454,0.0,1.0,0.0454545454545454,22.0,1,5,risk,0.2415983333333333,True,0.65,0.4067,avoid,1,US,0.0,0.0,4,stable,0.0751,persistent,2026-10-05,neutral,0.375,52.67087359050418
CRWV,"CoreWeave, Inc.",Technology,48744800256.0,,-48.759766,9.692915,0.0,0.455,1027.329,-0.43596,-0.0236704393330899,-0.25402,1.125,,-9088615424.0,96660938752.0,3788999936.0,-46000000.0,5131000000.0,51612999680.0,5538999808.0,9.118,49302000000.0,7488000000.0,,16440000000.0,-1167000000.0,3058000000.0,0.7168193334632625,,502412000.0,-0.0483934279145404,0.7425587467362924,0.4554744525547445,0.386056820471489,0.6048841831974362,0.5955251500028038,0.1040728570849052,0.1073851847698087,464099040.0,1229000000.0,88.38,[],{},-0.1864530242460329,25.510937024201628,-2101.324755478261,-0.0004758902675052,,,-0.0013997930740673,0.95,19,20,0.2926541159099298,0.0,22.0,0.1171,0.1171,0.0,0.0,1.0,0.0,22.0,0,5,,0.0994166666666666,False,0.25,0.3345,avoid,1,US,0.0,0.0,34,stable,0.0,persistent,2026-07-18,insufficient_data,0.0,
WMT,Walmart Inc.,Consumer Defensive,863889260544.0,38.494682,33.663284,8.776376,0.92,0.767,71.653,0.22313999,0.0769071339244312,0.03,0.059,-0.091,7127625216.0,920621613056.0,44073000960.0,29825000000.0,713163000000.0,75092000768.0,11528999936.0,12.369,284668000000.0,84874000000.0,,107469000000.0,21893000000.0,41565000000.0,0.2492669978672477,,7969000000.0,0.0745179681239767,0.2485106133027893,0.7897533242144247,0.8226828460200447,0.2356956173507384,0.2304781403480521,2.505244706113789,2.610908547175671,8024000000.0,2799000000.0,108.555,[],{},0.0082506237101635,20.88856199947769,30.867447210595135,0.0323965889753511,0.0259776142585097,,0.168313590934486,1.0,20,20,0.3071428571428571,2.0,22.0,0.3633818181818181,0.3633818181818181,0.0909090909090909,0.0,0.8,0.0909090909090909,22.0,2,5,"cheapness,garp",0.4509299999999999,False,0.73335,0.3143,avoid,1,US,0.782,0.782,34,stable,0.1243,persistent,2026-07-18,insufficient_data,0.0,
DASH,"DoorDash, Inc.",Consumer Cyclical,82846564352.0,100.63158,23.171179,8.3497095,0.0,1.368,33.276,0.088870004,0.0475609135764789,0.05292,0.356,-0.3,5147500032.0,81863704576.0,1436000000.0,725000000.0,13717000000.0,3304999936.0,5346999808.0,22.899,19659000000.0,8643000000.0,,6147000000.0,935000000.0,2431000000.0,0.5087847196908946,,434247000.0,0.009575710393149,0.4831188211154635,1.4060517325524646,1.6642631816133393,0.1673533750445088,0.0417282989490074,0.6977465791749325,0.8347216815881666,419677000.0,,191.2,[],{},0.0621329329980324,57.0081508189415,112.9154545875862,0.0088561836256375,0.0099372383897778,,0.0536560094730609,1.0,20,20,0.3142857142857143,3.0,22.0,0.2868636363636364,0.2868636363636364,0.1363636363636363,0.0,1.0,0.1363636363636363,22.0,2,5,"cheapness,risk",0.3437033333333333,True,1.0,0.3091,avoid,1,US,0.0,0.0,34,stable,0.1247,persistent,2026-07-18,insufficient_data,0.0,
RKLB,Rocket Lab Corporation,Industrials,45436542976.0,,1316.1697,12.171977,0.0,5.482,3.828,-0.07915,-0.0852703273595189,-0.21511999,0.62,,-251963632.0,42743697408.0,-150520992.0,-228838000.0,601799000.0,133691000.0,2302184960.0,5.838,2324478000.0,1365544000.0,,334476000.0,-198209000.0,-165521000.0,0.3442694321525958,,589525802.0,-0.1605743948960688,0.2662660987496962,4.082636721319317,2.0399705470878438,0.1092524859344764,0.3955116005343051,0.2588964059887854,0.3683175974507363,504453785.0,26489000.0,71.06,[],{},-0.0055453961832679,-283.97166959941376,-186.78583717739187,-0.0053537249671145,,,-0.1149938542775333,0.95,19,20,0.2153846153846154,1.0,22.0,0.2490681818181818,0.2490681818181818,0.0454545454545454,0.0,1.0,0.0454545454545454,22.0,1,5,risk,0.2415116666666666,True,0.65,0.2821,avoid,1,US,0.0,0.0,34,stable,0.0473,persistent,2026-07-18,insufficient_data,0.0,
PANW,"Palo Alto Networks, Inc.",Technology,333183680512.0,1018.2875,83.4821,12.074674,0.0,0.871,9.337,0.01739,0.0063351217498968,0.02674,0.345,,4240624896.0,342982393856.0,1560000000.0,695000000.0,11480000000.0,2567000064.0,3071000064.0,33.733,48460000000.0,8643000000.0,,9923000000.0,307000000.0,4553000000.0,0.7035714285714286,,815000000.0,0.0480997624703087,0.7341936883201388,0.8710067519903255,0.9417876815222834,0.0515889393314073,0.0143366135052595,0.2368964094098225,0.391118086189345,667900000.0,0.0,407.315,[],{},0.012727588846739,219.86050888205128,493.4998472748201,0.0020263430789738,0.0009820409265556,,0.0180346160832446,1.0,20,20,0.259885850583525,1.0,22.0,0.1905727272727272,0.1905727272727272,0.0454545454545454,0.0,1.0,0.0454545454545454,22.0,1,5,risk,0.25432,True,0.9,0.2552,avoid,1,US,0.0,0.0,34,stable,0.0515,persistent,2026-07-18,insufficient_data,0.0,
CEG,Constellation Energy Corporation,Utilities,104166375424.0,28.739004,22.071808,3.266703,0.57,1.455,76.419,0.15055001,0.0405072577686946,0.110810004,0.23,-0.468,-6625124864.0,130781937664.0,7952000000.0,4198000000.0,25533000000.0,24700000256.0,697000000.0,89.999,57249000000.0,12119000000.0,,7944000000.0,2319000000.0,4237000000.0,0.1838013551090745,,312290080.0,0.0708347504062275,0.2541581805838425,1.52555387713998,1.5740578439964945,0.1570682457335499,0.1589388958168008,0.445999056752083,0.4453009862827344,312838000.0,511000000.0,294.0,[],{},-0.0636013765193712,16.446420732394365,31.153391535016677,0.0320992338466902,0.0347959170749271,,0.0851434945745867,1.0,20,20,0.3125,1.0,22.0,0.3501363636363636,0.3501363636363636,0.0454545454545454,0.0,1.0,0.0454545454545454,22.0,1,5,risk,0.41894,True,0.83335,0.25,avoid,1,US,0.4845,0.4845,14,stable,0.0563,persistent,2026-09-22,neutral,0.5,66.56301711278829
AMD,"Advanced Micro Devices, Inc.",Technology,1051901558784.0,164.37755,40.984894,15.643222,0.0,2.609,6.361,0.10196,0.0563528585913735,0.15577,0.501,1.595,8841499648.0,1051326939136.0,9562000384.0,3694000000.0,34639000000.0,4276000000.0,13111000064.0,41.191,76926000000.0,26947000000.0,,9455000000.0,4335000000.0,7709000000.0,0.4951644100580271,,1630000000.0,0.0237049663421257,0.4935039751793678,2.850026441036489,2.61626150254086,0.0500090996542131,0.0319533123392944,0.4502898889842186,0.3724756594343166,1622000000.0,131000000.0,644.36,[],{},0.0084052538701632,109.94843096797769,284.60393587872227,0.0035136548513022,0.006083555814039,,0.0547494479109543,1.0,20,20,0.256499701848539,3.0,22.0,0.3059136363636364,0.3059136363636364,0.1363636363636363,0.0,1.0,0.1363636363636363,22.0,2,5,"quality,risk",0.3829066666666667,True,1.0,0.246,avoid,1,US,0.0,0.0,5,stable,0.1005,persistent,2026-10-04,wait,0.25,70.70182917248086
MNST,Monster Beverage Corporation,Consumer Defensive,83849576448.0,39.63065,32.7173,8.954205,0.0,3.729,0.992,0.25704,0.1907540786339298,0.23079,0.202,0.18,1681231104.0,81402667008.0,2933317120.0,2419354000.0,8294343000.0,92932000.0,3419256064.0,4.78,9988945000.0,5361084000.0,,1447780000.0,1905432000.0,2098177000.0,0.5584764218214752,,1956226000.0,0.1954956083548201,0.54037571724726,3.702968683087209,3.317941648390597,,0.0484449654615978,0.8303522544172582,0.9706727050303476,1946158000.0,,42.8011,[],{},0.0200505616750804,27.75106259496416,33.64644736074175,0.0297208198321344,0.025232995169143,,0.2832580801330966,1.0,20,20,0.2714285714285714,3.0,22.0,0.3826181818181818,0.3826181818181818,0.1363636363636363,0.0,1.0,0.1363636363636363,22.0,3,5,"cheapness,quality,risk",0.418625,True,0.9,0.2286,avoid,1,US,0.0,0.0,29,stable,0.15,persistent,2026-07-18,insufficient_data,0.0,
TTWO,"Take-Two Interactive Software, Inc.",Communication Services,37986947072.0,,19.739279,10.528607,0.0,1.062,81.607,-0.09039,-0.0317802029158496,-0.04792,0.02,,1256137472.0,38987247616.0,766499968.0,-108600000.0,6656400000.0,2944699904.0,1826599936.0,19.296,9383200000.0,3199500000.0,,2588800000.0,-298200000.0,624300000.0,0.5723363980530016,,185400000.0,-0.4878604028015293,0.5435600681624538,1.235900803461063,0.7787764810000554,0.3152762383834939,0.4472316925724618,0.7093955153892062,0.6136351258618624,177144416.0,161300000.0,203.16,[],{},0.0330676079238253,50.86399118545038,-358.99859683241255,-0.0027855262076882,,,-0.0159837513246202,0.95,19,20,0.2074074074074074,1.0,22.0,0.1855863636363636,0.1855863636363636,0.0454545454545454,0.0,1.0,0.0454545454545454,22.0,1,5,quality,0.1923083333333333,False,0.55,0.2222,avoid,1,US,0.0,0.0,34,stable,0.0408,persistent,2026-07-18,insufficient_data,0.0,
MELI,"MercadoLibre, Inc.",Consumer Cyclical,94902231040.0,46.415993,33.080833,12.11411,0.0,1.121,168.586,0.27504,0.0468043218412356,0.052950002,0.498,-0.109,353375008.0,101656150016.0,3892000000.0,3201000000.0,28893000000.0,13207000064.0,5744999936.0,154.527,42667000000.0,33573000000.0,,28633000000.0,1997000000.0,12116000000.0,0.4450212854324576,,50697182.0,0.0758453722813145,0.4609423882177407,1.172528201725282,1.2131542492320664,0.2669979140787962,0.2718685505635815,0.6771743970750228,0.8246150182568661,50697375.0,160000000.0,1871.957,[],{},0.0037235690260122,26.11925745529291,31.75762262293033,0.0314885031500424,0.0215442983197623,,0.2280889268918341,1.0,20,20,0.2428571428571428,1.0,22.0,0.2267363636363636,0.2267363636363636,0.0454545454545454,0.0,0.8,0.0454545454545454,22.0,1,5,cheapness,0.2705483333333333,False,0.73335,0.2182,avoid,1,US,0.0,0.0,34,stable,0.0461,persistent,2026-07-18,insufficient_data,0.0,
ISRG,"Intuitive Surgical, Inc.",Healthcare,146161729536.0,47.446102,34.16046,8.058943,0.0,4.963,,0.17423001,0.1395983126982652,0.28445998,0.185,0.265,2615200000.0,137905913856.0,4180800000.0,2945500000.0,10064700000.0,0.0,5216200192.0,51.338,20458700000.0,9779500000.0,,2006200000.0,2856000000.0,3030500000.0,0.6599600584220096,,355100000.0,0.1239169405437705,0.6745848349516887,4.874638620277141,4.074371168280525,,,0.4919520790666074,0.445606940116949,356600000.0,,413.73,[],{},0.0178925085814332,32.98553239954076,46.81918650687489,0.0213587649553278,0.0210765470259284,,0.1596260669286004,0.95,19,20,0.2201388888888889,2.0,22.0,0.2844,0.2844,0.0909090909090909,0.0,1.0,0.0909090909090909,22.0,2,5,"quality,risk",0.3379816666666667,True,0.8,0.2035,avoid,1,US,0.0,0.0,34,stable,0.0805,persistent,2026-07-18,insufficient_data,0.0,
NBIS,Nebius Group N.V.,Communication Services,63972999168.0,183.84383,-67.416336,6.238272,0.0,4.03,98.596,0.00601,0.0066368477788682,0.03129,4.54,,-9614650368.0,70643277824.0,258000000.0,-611700000.0,529800000.0,10195300352.0,8042100224.0,37.722,12430600000.0,4711400000.0,,1527800000.0,82500000.0,384800000.0,0.6862967157417894,,253016971.0,-0.1807473369779631,0.5224043715846994,3.0837805995549155,9.595833333333331,0.4000691841101797,0.0139491630502169,0.0426206297362959,0.0257848165473707,235753600.0,61500000.0,235.3201,[],{},-0.1502923185256781,273.8111543565892,-115.4868037011607,-0.008658997980303,0.0054393992988505,,-0.0561048537990241,1.0,20,20,0.2090277777777777,0.0,22.0,0.1219454545454545,0.1219454545454545,0.0,0.0,0.6667,0.0,22.0,0,5,,0.1558283333333333,False,0.53335,0.2035,avoid,1,US,0.0,0.0,34,stable,0.0,persistent,2026-07-18,insufficient_data,0.0,
AXON,"Axon Enterprise, Inc.",Industrials,33360957440.0,170.39833,38.94775,9.07877,0.0,2.149,50.363,0.06221,0.0178072037636031,0.06191,0.353,-0.182,222160000.0,35165679616.0,165106000.0,-62076000.0,2779536000.0,1850605952.0,692532992.0,45.233,7000313000.0,3713052000.0,,1470147000.0,124656000.0,211339000.0,,,80211537.0,0.084261165497248,,2.5256331509706174,1.3692801907174252,0.272796944936605,0.1612823348205466,0.3970588172271725,0.4654117876327385,76619331.0,94238000.0,410.66,[],{},0.0066592812990921,212.9885020289996,-566.4939689412978,-0.0017652438592927,0.0058686021159949,,-0.0112249795033277,1.0,20,20,0.1423076923076923,1.0,22.0,0.1743818181818181,0.1743818181818181,0.0454545454545454,0.0,1.0,0.0454545454545454,22.0,1,5,risk,0.25042,True,0.8,0.1409,avoid,1,US,0.0,0.0,34,stable,0.0283,persistent,2026-07-18,insufficient_data,0.0,
ALNY,"Alnylam Pharmaceuticals, Inc.",Healthcare,30468335616.0,38.397976,18.257656,22.488888,0.0,3.055,220.623,0.96555,0.0631748065120911,0.16126,0.669,,271544256.0,29644556288.0,1054537984.0,501578000.0,3713937000.0,2987489024.0,3308146944.0,10.125,4966331000.0,4050662000.0,,1466349000.0,313747000.0,524080000.0,0.816402109136477,,132376000.0,-0.0656033290699514,0.856167682941746,2.76241331361088,2.777849430821936,0.2574111552371358,0.3056729236886091,0.7478230911310583,0.5302481165608447,129294000.0,252627000.0,227.7,[],{},0.0089123429458812,28.111416314805783,59.1025848183134,0.0169197337658596,0.0260430393518658,,0.1433087370163618,1.0,20,20,0.2180555555555555,1.0,22.0,0.2432409090909091,0.2432409090909091,0.0454545454545454,0.0,1.0,0.0454545454545454,22.0,1,5,risk,0.2914116666666667,True,0.8,0.1403,avoid,1,US,0.0,0.0,34,stable,0.0358,persistent,2026-07-18,insufficient_data,0.0,
LITE,Lumentum Holdings Inc.,Technology,98857017344.0,,30.987099,21.026537,0.0,1.678,35.987,-2.40027,-0.9490386589120766,-2.3009598,1.093,,224700000.0,100598784000.0,800700032.0,536200000.0,3014000000.0,1671200000.0,2738400000.0,52.414,7307500000.0,4161900000.0,,2480500000.0,-6935100000.0,751400000.0,0.4166887856668879,,88600000.0,0.0061393320217128,0.2795744680851064,1.6778472082241485,4.3719450101833,0.2286965446459117,0.6182473273757318,0.4124529592884023,0.3899305473250053,69800000.0,21800000.0,1102.085,[],{},0.0022729797644824,125.63854125086384,187.61429317418876,0.0053300843079773,,,0.1110834887093432,0.95,19,20,0.1259505352528608,1.0,22.0,0.2296590909090909,0.2296590909090909,0.0454545454545454,0.0,1.0,0.0454545454545454,22.0,1,5,risk,0.2510616666666666,True,0.75,0.1384,avoid,1,US,0.0,0.0,34,stable,0.0251,persistent,2026-07-18,insufficient_data,0.0,
CRWD,"CrowdStrike Holdings, Inc.",Technology,275320733696.0,5377.7,167.43468,53.96047,0.0,1.57,15.958,0.01461,-0.014657403421979,0.00834,0.258,,1995385472.0,281378619392.0,106861000.0,-293292000.0,4812005000.0,820179008.0,5013847040.0,4.983,11086684000.0,7419119000.0,,4184192000.0,-162502000.0,1612349000.0,0.7466899972049074,,1013452000.0,-0.0017515213907178,0.7495533212060631,1.773130630716755,1.766326692766646,0.0739695476122526,0.0906618316815639,0.4340346491340422,0.4543571292471319,991488000.0,28021000.0,268.885,[],{},0.0072474943866858,2633.127327949392,-959.3804788129236,-0.0010423393242661,0.0001859531026275,,-0.0424907410251254,1.0,20,20,0.0812718289462475,1.0,22.0,0.1520363636363636,0.1520363636363636,0.0454545454545454,0.0,0.8,0.0454545454545454,22.0,1,5,risk,0.2022266666666667,True,0.65,0.0743,avoid,1,US,0.0,0.0,34,stable,0.0156,persistent,2026-07-18,insufficient_data,0.0,
TSLA,"Tesla, Inc.",Consumer Cyclical,1487320514560.0,348.68515,175.58304,17.121162,0.0,1.941,18.373,0.046669997,0.0275314572660116,0.03671,0.255,-0.03,4835999744.0,1476730683392.0,10755000320.0,4849000000.0,94827000000.0,16080000000.0,43524001792.0,21.995,137806000000.0,68642000000.0,,31714000000.0,3794000000.0,14747000000.0,0.1802651143661615,,3751000000.0,0.0584091095273203,0.1786262667622069,2.1644068865485275,2.024912390270983,0.1068095728778137,0.1115999016957483,0.6881195303542661,0.8002785287130335,3216000000.0,338000000.0,376.58,[],{},0.0032514845970712,137.30642858707046,304.5433457191173,0.0032836048268882,0.00286791680116,,0.0457056139954002,1.0,20,20,0.0681818181818182,2.0,22.0,0.2135318181818181,0.2135318181818181,0.0909090909090909,0.0,1.0,0.0909090909090909,22.0,1,5,risk,0.307185,True,1.0,0.0727,avoid,1,US,0.0,0.0,34,stable,0.0141,persistent,2026-07-18,insufficient_data,0.0,
SPCX,Space Exploration Technologies Corp.,Industrials,2231675387904.0,,87.92385,17.53314,0.0,5.115,31.211,,-0.0536170027910815,-0.35661998,0.919,,,4472122114048.0,5896999936.0,-2064000000.0,18674000000.0,39708000256.0,100009000960.0,9.656,92079000000.0,30952000000.0,,21400000000.0,-4937000000.0,6785000000.0,0.4938952554353646,,13075865175.0,0.0138621148925729,0.4294684266856939,1.446355140186916,1.366126706810279,0.2532390664538059,0.2484140058182328,0.2028041138587517,0.2456100382040587,13075865175.0,1945000000.0,169.3,[],{},,758.3724203126734,-2166.725830449612,-0.0004615258589465,,,-0.0292024505157118,0.85,17,20,0.0512820512820512,1.0,22.0,0.2598045454545454,0.2598045454545454,0.0454545454545454,0.0,1.0,0.0454545454545454,22.0,1,5,risk,0.2454483333333333,True,0.65,0.049,avoid,1,US,0.0,0.0,34,stable,0.0085,persistent,2026-07-18,insufficient_data,0.0,
